148
1 0.049948 0.297497 0.365744 0.499783 0.661236 0.316361 0.238959 0.429723 0.363657 0.0660501 0.464295 0.401202 0.343402 0.498061 0.631058 0.281172 0.383287 0.108394 0.11599 0.142528 0.138558 0.397668 0.638575 0.608863 0.477179 0.486342 0.337689 0.3632 0.576251 0.254034 0.0518024 0.37575 0.394917 0.331834 0.446599 0.343821 0.626398 0.24163 0.441651 0.48051 -0.169026 0.510375 0.205831 0.366959 0.402894 0.522022 0.450491 0.36754 -0.222059 -0.240454 0.352224 0.510124 0.405033 0.616683 0.249373 0.247331 0.0963239 0.37056 0.196805 0.373023 0.269101 0.113653 0.394087 0.389565 0.198079 0.413033 0.41598 0.344699 0.126505 0.340502 0.602241 0.573441 0.427851 0.556071 -0.0193999 0.435825 0.275232 0.709128 0.5554 0.293833 0.448341 0.502113 0.354991 0.181151 0.263905 0.447309 0.458768 0.573276 0.672915 0.0806348 -0.106249 0.191473 0.14963 -0.0819388 -0.0356904 0.134336 0.379532 0.652853 0.38044 0.540472 0.413875 0.446492 0.572686 0.453668 -0.0507338 0.33876 0.49089 0.443013 0.202903 0.214491 0.638035 0.213706 0.371462 0.456549 -0.149016 0.515618 0.0969794 0.376612 0.452579 0.445943 0.197195 0.168889 -0.163466 -0.210537 0.483932 0.584135 0.584392 0.488155 0.26412 0.0826978 0.0163395 0.163407 -0.273592 0.194483 0.50707 -0.190415 0.639471 0.44895 0.331795 0.475892 0.322262 0.39445 0.430735 0.450731 0.476099 0.574642 0.302641
0.049948 1 0.0533167 0.319486 0.0497762 -0.145084 0.253361 0.0779064 0.122569 0.199688 0.494679 0.415724 0.208862 0.500783 0.20208 0.199357 0.225378 0.321433 0.812316 0.350408 0.811379 0.656701 0.349056 0.142244 -0.00855151 0.508068 0.359951 0.294966 0.440923 0.0779784 -0.169894 -0.0396732 0.393961 0.334562 0.108895 0.396555 0.571367 0.27772 0.211228 0.131905 0.399186 0.774245 0.424986 0.602519 0.292588 0.216279 0.120458 0.316052 0.364031 -0.00633692 0.357129 0.46337 0.220218 -0.121283 0.0334279 0.574889 0.445855 0.569314 0.45202 0.553828 0.44398 0.417267 0.0182532 0.37577 -0.114946 0.195916 0.386793 0.469232 0.325995 -0.163956 -0.252263 0.353639 0.277397 0.385604 -0.0268362 0.772251 0.169677 0.0296985 0.0101823 -0.000507286 0.266577 0.233879 0.232777 0.072952 0.547496 0.475698 0.235062 0.487978 0.331767 0.202755 0.224838 0.0580739 0.679182 0.449819 0.771989 0.461949 0.215639 0.137089 0.0892552 0.522365 0.386378 0.0730611 0.377565 0.0615044 0.0842153 -0.212383 0.285324 0.370515 0.251488 0.388114 0.393823 0.127477 0.423558 0.324839 0.31796 0.786148 0.339548 0.524245 0.248285 0.217548 0.269448 0.200319 0.224123 0.22602 0.431203 0.387768 0.147042 0.185985 0.281615 0.603818 0.650013 0.524586 0.592791 0.471949 0.259457 0.320861 -0.252712 0.354926 0.311608 0.0242285 0.272671 0.557922 0.338688 -0.0185721 -0.000889251 0.398308 0.385459 0.128341
0.297497 0.0533167 1 -0.00167714 0.141673 0.19981 0.287221 0.39126 0.208093 -0.112706 -0.0222743 0.164743 0.131034 0.237863 0.385426 0.351797 -0.0840069 0.0730193 -0.00842748 0.0791663 0.00458983 -0.14838 -0.00184005 0.474337 0.272502 0.185243 0.263096 0.490449 0.301572 0.1982 0.180801 -0.0555706 0.0546861 0.0971572 0.101271 -0.00824771 0.126952 0.239175 0.0277895 -0.0223027 0.00490292 0.0453197 -0.077906 -0.064645 0.363571 0.285747 0.185041 0.0421169 0.0310384 0.0497145 -0.0545945 0.374119 0.292881 0.30596 0.274609 0.232672 -0.0542514 -0.102695 0.0253006 0.147205 -0.018966 0.124389 0.323807 0.254536 0.153041 0.0987726 0.256792 0.149175 0.171507 -0.107986 0.0742153 0.273492 0.112313 0.0431144 0.432125 0.0592131 0.480047 0.182271 0.39527 0.214868 0.0984389 0.205493 0.0382774 -0.0120054 0.0255046 0.164927 0.25738 0.276407 0.297325 0.367551 0.00854991 0.092995 0.150492 -0.0479648 -0.00223426 0.0346712 0.122041 0.330632 0.382143 0.268412 0.145247 0.544805 0.337999 0.298077 0.264782 -0.15015 0.163516 0.32023 0.161473 0.0304391 0.179779 0.406523 0.0973428 0.102301 0.0931216 0.0836207 0.250769 -0.0207642 0.2962 0.125284 0.287569 0.0914608 0.153633 0.0816831 -0.00791387 0.267065 0.340145 0.21851 0.349367 0.00357969 0.0673526 -0.000199085 0.0490555 -0.0294112 0.0233847 0.392726 -0.156017 0.144694 0.102558 0.16554 0.25907 0.262774 0.204266 0.0494784 0.00992124 0.238681 0.153241 0.168116
0.365744 0.319486 -0.00167714 1 0.523132 0.44053 0.32453 0.00808768 0.339536 0.596996 0.320078 0.672761 0.334955 0.298207 0.39121 0.550504 0.499068 0.56142 0.539098 0.282084 0.406349 0.53245 0.53532 0.172552 0.406177 0.708417 0.637477 0.440484 0.716047 0.552894 0.0673209 0.273821 0.611036 0.71523 0.416575 0.803138 0.317799 0.618169 0.466952 0.378495 0.751661 -0.0228215 0.65706 0.51223 0.518853 0.34614 0.338411 0.713272 0.651952 -0.530525 -0.0479126 0.207703 0.245968 0.296395 0.257003 0.403746 0.573547 0.468008 0.746337 0.504511 0.733307 0.337107 0.12171 0.207633 0.428492 0.14983 0.594587 0.582894 0.361027 0.206548 0.154379 0.600436 0.706182 0.616438 0.0846406 0.24015 0.244718 0.393027 0.373251 0.435441 0.337035 0.612761 0.546408 0.415069 0.419717 0.368963 0.242611 0.326773 0.445742 0.472429 0.302102 -0.0744023 0.337152 0.300886 0.12837 0.192807 0.212813 0.0505307 0.188157 0.478404 0.601185 0.244904 0.510307 0.454768 0.084007 -0.120059 0.356735 0.382411 0.373025 0.671413 0.376458 0.269507 0.336688 0.143397 0.677986 0.0531326 0.45315 0.368813 0.528131 0.43965 0.200393 0.21641 0.17314 -0.101079 0.0384857 0.374153 0.42629 0.456711 0.195208 0.480142 0.405173 0.224829 0.539853 -0.11348 0.335943 0.141003 -0.134423 0.405671 0.597203 0.436978 0.569645 0.320516 0.494689 0.37751 0.498155 0.509364 0.706305 0.362649
0.499783 0.0497762 0.141673 0.523132 1 0.644543 0.151104 -0.0342347 0.391119 0.497457 -0.131691 0.435479 0.209672 0.129717 0.367125 0.52794 0.342968 0.397322 0.138773 -0.00142097 0.104709 0.025415 0.384915 0.409698 0.612948 0.425119 0.443891 0.261295 0.354545 0.589617 0.446517 0.197992 0.373794 0.457935 0.395805 0.455991 0.220745 0.669109 0.236807 0.338768 0.457648 -0.2323 0.507554 0.107536 0.235405 0.250196 0.35313 0.425929 0.325843 -0.291404 -0.303335 0.149457 0.177887 0.4217 0.451118 0.199441 0.180669 0.0229251 0.369686 0.252102 0.403595 0.170275 0.216416 0.212739 0.393888 0.0420999 0.337262 0.353986 0.167429 0.367116 0.44321 0.617084 0.639757 0.35874 0.274447 -0.0327644 0.347698 0.269675 0.525497 0.611565 0.0327057 0.452676 0.457072 0.391184 0.0534152 0.0674739 0.278248 0.342 0.390631 0.524546 0.1882 -0.0782631 0.0453332 0.0248018 -0.085697 -0.180554 0.182124 0.233082 0.454615 0.229182 0.418855 0.387067 0.499007 0.482169 0.206008 -0.0207706 0.213789 0.253748 0.340889 0.252338 0.223785 0.492459 0.0456281 0.156209 0.469918 -0.238897 0.483345 -0.0712196 0.409686 0.335034 0.185042 0.13976 0.0421232 -0.103935 -0.226503 0.305638 0.385948 0.567696 0.129757 0.209439 0.0685832 -0.0853951 0.226782 -0.221873 0.153911 0.181169 -0.118538 0.454373 0.364534 0.340437 0.470491 0.129195 0.29747 0.441336 0.607633 0.405909 0.547287 0.178915
0.661236 -0.145084 0.19981 0.44053 0.644543 1 0.32362 0.167908 0.524259 0.448647 -0.0546828 0.415406 0.20041 0.107918 0.553128 0.678137 0.298276 0.319476 0.0680209 0.032002 -0.0784817 0.0114693 0.323197 0.406281 0.763585 0.383423 0.455841 0.415612 0.403045 0.764521 0.497815 0.279526 0.368099 0.467678 0.35203 0.367094 0.153822 0.660143 0.324024 0.363616 0.414181 -0.296123 0.361013 0.107027 0.363336 0.285352 0.440067 0.36719 0.270027 -0.333045 -0.2435 0.245753 0.403294 0.666421 0.5718 0.204829 0.198212 0.0408639 0.345115 0.156765 0.349174 0.203345 0.207307 0.147609 0.684186 0.115837 0.428885 0.375487 0.311645 0.522285 0.634073 0.611286 0.644175 0.353382 0.5018 -0.0864356 0.279714 0.365529 0.707434 0.829175 0.275246 0.556103 0.534992 0.448062 0.0705913 0.133854 0.345202 0.29262 0.469923 0.655262 0.133145 -0.0702024 0.0537235 0.0296124 -0.218387 -0.055907 0.187546 0.271078 0.561746 0.23402 0.400838 0.485633 0.494673 0.669471 0.223171 0.0568056 0.257764 0.411216 0.378223 0.267723 0.189165 0.618914 0.0539361 0.216169 0.438944 -0.300475 0.35687 0.0172719 0.430372 0.413076 0.247424 0.12907 0.148291 -0.10257 -0.198026 0.26145 0.48292 0.705519 0.218205 0.118847 0.033031 -0.0825252 0.123928 -0.352253 0.139137 0.252745 -0.0575199 0.408463 0.530093 0.405349 0.502793 0.125948 0.38223 0.649929 0.720621 0.458177 0.597507 0.316025
0.316361 0.253361 0.287221 0.32453 0.151104 0.32362 1 0.40053 0.363098 0.196627 0.411223 0.41903 0.229136 0.293863 0.467274 0.470746 0.221963 0.326895 0.376919 0.409792 0.283902 0.38061 0.236976 0.232671 0.301518 0.523685 0.546599 0.543583 0.519238 0.327951 -0.0530049 -0.0440205 0.415473 0.333787 0.221945 0.386138 0.302646 0.364109 0.326626 0.24435 0.400438 0.174445 0.299188 0.4589 0.542836 0.421447 0.386391 0.294696 0.510068 -0.289267 0.17705 0.548837 0.466841 0.344822 0.289463 0.496412 0.440916 0.419017 0.361361 0.400911 0.439859 0.281418 0.242987 0.5336 0.301363 0.446721 0.464831 0.486925 0.517796 -0.0804388 0.0314239 0.455144 0.298112 0.428453 0.342715 0.235496 0.26456 0.190066 0.359753 0.33779 0.597294 0.409229 0.283131 0.251693 0.48412 0.491756 0.45241 0.357673 0.515833 0.451837 0.283407 0.16564 0.323196 0.427193 0.164573 0.37082 0.250453 0.142927 0.263684 0.453754 0.530776 0.330085 0.430613 0.442916 0.0703398 -0.31044 0.392108 0.486803 0.190645 0.377702 0.304517 0.232211 0.451577 0.307147 0.383311 0.183626 0.328875 0.419234 0.384525 0.412522 0.52262 0.266872 0.37529 0.00482914 0.228082 0.396711 0.502027 0.376288 0.481076 0.418779 0.411252 0.396659 0.346662 0.0478749 0.424786 0.359624 -0.275256 0.301531 0.482703 0.357394 0.371564 0.484845 0.512595 0.108363 0.0744161 0.37697 0.423172 0.385433
0.238959 0.0779064 0.39126 0.00808768 -0.0342347 0.167908 0.40053 1 0.274913 0.0102139 -0.0153835 0.123866 0.109343 0.181403 0.247449 0.258874 -0.0991553 0.0133968 0.060906 -0.0415477 0.0624504 -0.0738201 0.0248358 0.28863 0.170789 0.178594 0.199975 0.344244 0.192918 0.0645349 -0.0537893 -0.107187 0.096584 0.089232 0.0089266 0.0216764 0.182989 0.15036 0.00085518 0.079787 0.112719 0.0938198 -0.061434 0.0401263 0.311807 0.342735 0.199118 -0.0826866 0.104499 -4.87155e-05 0.028361 0.323973 0.215399 0.120243 0.242384 0.197935 -0.0518356 -0.0533682 0.0202556 0.127464 -0.0340156 0.0538208 0.0703066 0.359059 0.166245 0.363874 0.291205 0.151503 0.182587 -0.193881 0.0295751 0.198318 0.00722449 0.123032 0.309725 0.065571 0.279089 0.220289 0.251665 0.193493 0.21212 0.264035 0.0887419 0.00625045 0.110511 0.342212 0.238768 0.165943 0.255363 0.237304 0.0898626 0.105248 0.183713 0.0665039 0.0596346 0.0850202 -0.0246129 0.195795 0.276387 0.263269 0.138299 0.373141 0.249303 0.237109 0.158175 -0.042721 0.277436 0.341793 0.140033 0.0886663 0.0880685 0.267541 0.138652 0.225255 0.0661131 0.0945219 0.184289 0.0931258 0.223393 0.139307 0.262461 0.169721 0.234666 -0.00310836 0.0452282 0.221491 0.328593 0.116324 0.413745 0.0135624 0.125186 0.0162549 0.0127535 0.0222666 0.16782 0.320257 -0.118315 0.159551 0.164953 0.151302 0.093842 0.242217 0.121308 -0.0294057 0.00544996 0.189779 0.197719 0.106248
0.429723 0.122569 0.208093 0.339536 0.391119 0.524259 0.363098 0.274913 1 0.274907 0.123999 0.350737 0.127976 0.236332 0.452657 0.466905 0.124855 0.227918 0.171323 0.0450642 0.140612 0.147082 0.348855 0.262449 0.568279 0.343122 0.369823 0.389832 0.38305 0.528706 0.214672 0.158064 0.27901 0.330101 0.132175 0.297239 0.168775 0.489999 0.20509 0.333406 0.324234 0.0354456 0.319945 0.185832 0.4206 0.202248 0.356701 0.230812 0.23076 -0.200232 -0.0295232 0.309309 0.32679 0.440641 0.43221 0.288198 0.168519 0.121648 0.304041 0.212205 0.273551 0.234062 0.216812 0.173458 0.400325 0.334999 0.358198 0.394043 0.318173 0.247876 0.390623 0.462656 0.449494 0.335779 0.312385 0.115402 0.190908 0.246604 0.389477 0.497783 0.283288 0.354042 0.410962 0.22942 0.158833 0.219473 0.261544 0.227171 0.385201 0.448238 0.221917 -0.0265882 0.281852 0.0583784 0.0600028 0.126657 0.223283 0.149652 0.403147 0.214579 0.284894 0.263664 0.341662 0.514205 0.087281 -0.11326 0.152547 0.365739 0.299365 0.192364 0.2512 0.432401 0.0276788 0.225198 0.344795 0.0610368 0.2849 0.152788 0.353668 0.299718 0.249572 0.154438 0.0464442 -0.00820362 0.0316656 0.294323 0.33697 0.490083 0.160072 0.142362 0.120317 0.0176874 0.104938 -0.0672243 0.169368 0.205463 -0.138428 0.284661 0.359929 0.297546 0.268772 0.202427 0.318569 0.277835 0.390611 0.338637 0.392714 0.27494
0.363657 0.199688 -0.112706 0.596996 0.497457 0.448647 0.196627 0.0102139 0.274907 1 0.0768284 0.496349 0.256943 0.234244 0.36173 0.419746 0.307493 0.438385 0.263355 0.102472 0.255989 0.294222 0.345171 0.164079 0.453167 0.501736 0.386014 0.259245 0.424559 0.516143 0.209038 0.338376 0.423628 0.547162 0.282765 0.577805 0.211676 0.546132 0.278359 0.35008 0.5578 -0.0293952 0.482311 0.350786 0.321281 0.303061 0.308029 0.471731 0.424629 -0.355676 -0.174937 0.168357 0.29596 0.310043 0.29423 0.221555 0.256145 0.163439 0.428634 0.268619 0.491253 0.201003 0.00542181 0.136079 0.415918 0.0457344 0.384092 0.399881 0.235275 0.230746 0.304169 0.464887 0.616187 0.475692 0.130646 0.0558186 0.115014 0.275762 0.291675 0.416902 0.295665 0.384975 0.455777 0.383777 0.205805 0.209713 0.135372 0.196001 0.383793 0.368477 0.115118 -0.0155006 0.237969 0.133001 0.00595561 0.0107966 0.176157 0.0168923 0.195122 0.247798 0.410468 0.197402 0.433214 0.372763 0.0785852 -0.0777342 0.241569 0.218893 0.327514 0.407759 0.180941 0.261519 0.164644 0.0905997 0.45341 -0.010475 0.391124 0.163994 0.401118 0.362637 0.117781 0.129566 0.0602714 -0.144185 -0.0380136 0.214711 0.328635 0.432262 0.183524 0.253208 0.12911 0.0237434 0.24036 -0.198932 0.118299 0.115246 -0.0789763 0.363318 0.471089 0.208281 0.432467 0.109116 0.259086 0.354322 0.504054 0.380638 0.541159 0.191686
0.0660501 0.494679 -0.0222743 0.320078 -0.131691 -0.0546828 0.411223 -0.0153835 0.123999 0.0768284 1 0.319346 0.214034 0.31487 0.270105 0.202127 0.266312 0.205511 0.642109 0.803638 0.472123 0.760397 0.127121 0.0191372 -0.10768 0.357887 0.359081 0.345559 0.442192 0.0906358 -0.258588 -0.0698933 0.319245 0.234045 0.023215 0.340656 0.38088 0.0570646 0.302989 0.0992151 0.340834 0.492304 0.274682 0.700017 0.395327 0.19621 0.135656 0.239212 0.39939 -0.127528 0.586216 0.445383 0.337559 0.0660133 -0.0728348 0.566099 0.725018 0.845267 0.494357 0.413664 0.476848 0.414717 0.0540289 0.426374 0.0510851 0.265048 0.308932 0.425913 0.538986 -0.222936 -0.163107 0.134881 0.08976 0.409025 0.0520401 0.522727 -0.0138464 0.0461487 0.00476538 -0.0804016 0.480777 0.119647 0.158708 0.0795302 0.821685 0.497747 0.239383 0.185864 0.305632 0.126736 0.264908 0.146326 0.514124 0.746275 0.469319 0.697659 0.17461 -0.0228056 -0.0782882 0.441999 0.416382 -0.0300977 0.203356 0.10227 -0.00268723 -0.227862 0.226978 0.323128 0.120615 0.369961 0.352507 -0.189388 0.396746 0.288063 0.251641 0.577498 0.0627553 0.743527 0.125348 0.220815 0.353092 0.242474 0.283335 0.0396122 0.605484 0.273854 0.197711 0.138111 0.306106 0.631375 0.65902 0.7965 0.450228 0.187193 0.471116 0.185013 -0.207262 0.0177692 0.375046 0.210708 0.272225 0.461285 0.462733 -0.0850047 -0.124098 0.193683 0.209432 0.259901
0.464295 0.415724 0.164743 0.672761 0.435479 0.415406 0.41903 0.123866 0.350737 0.496349 0.319346 1 0.447588 0.569009 0.55028 0.607081 0.533584 0.563519 0.523163 0.269575 0.458619 0.481792 0.477193 0.322941 0.424113 0.768725 0.706863 0.443524 0.693185 0.535498 0.0558346 0.114375 0.593814 0.726437 0.457957 0.792509 0.396054 0.614925 0.491417 0.437048 0.698634 0.0958452 0.602915 0.50492 0.535074 0.47817 0.399795 0.66054 0.643968 -0.375249 -0.0557161 0.451265 0.509184 0.285548 0.362776 0.487359 0.475342 0.365788 0.683251 0.558147 0.64328 0.433818 0.0431654 0.404016 0.364243 0.128167 0.583187 0.704581 0.492325 0.0187371 0.114976 0.653765 0.67217 0.589359 0.245905 0.322034 0.342357 0.226275 0.434237 0.387404 0.412343 0.596818 0.543746 0.361753 0.39121 0.461888 0.332173 0.469528 0.589494 0.551203 0.231577 -0.0224103 0.456677 0.25916 0.197144 0.117009 0.284797 0.180785 0.314757 0.535632 0.657127 0.324695 0.586783 0.506065 0.167521 -0.193342 0.423314 0.524798 0.399644 0.658953 0.407811 0.364582 0.405657 0.332931 0.663643 0.142228 0.523368 0.386387 0.514387 0.515582 0.348557 0.223323 0.216579 -0.013833 -0.0315041 0.442421 0.548826 0.494338 0.358018 0.484347 0.373469 0.194641 0.495386 -0.0942838 0.229225 0.287933 -0.20033 0.578097 0.59358 0.390216 0.522552 0.459878 0.52208 0.277917 0.356319 0.539341 0.662517 0.352189
0.401202 0.208862 0.131034 0.334955 0.209672 0.20041 0.229136 0.109343 0.127976 0.256943 0.214034 0.447588 1 0.534783 0.359713 0.50833 0.264255 0.385419 0.240825 0.195814 0.293738 0.281013 0.229964 0.366853 0.269261 0.523899 0.453091 0.271019 0.386184 0.256137 0.0603127 0.0417516 0.400055 0.394331 0.197342 0.40738 0.279568 0.409774 0.385175 0.381058 0.446659 -0.00299711 0.386739 0.305949 0.323426 0.329478 0.336827 0.431005 0.398295 -0.21082 -0.0476802 0.363772 0.384665 0.138169 0.369496 0.355311 0.287178 0.21072 0.386392 0.372092 0.348452 0.39494 0.043516 0.314196 0.123699 0.107215 0.290655 0.442271 0.293864 -0.105965 -0.0586692 0.397375 0.428536 0.336915 0.275944 0.143097 0.319431 -0.0332357 0.334245 0.176893 0.208962 0.266326 0.331454 0.15024 0.201778 0.313128 0.309303 0.379233 0.413735 0.447514 0.0949835 0.0417609 0.188388 0.152431 0.0458322 0.0811015 0.183794 0.257824 0.213404 0.328458 0.47212 0.159484 0.301094 0.263605 0.381606 -0.221382 0.198012 0.37594 0.329053 0.246026 0.261584 0.2439 0.400303 0.363582 0.368854 0.0297025 0.361588 0.203042 0.268907 0.346222 0.375214 0.101155 0.191291 -0.0844054 -0.018694 0.412087 0.425954 0.25673 0.381607 0.342255 0.159546 0.0871075 0.237806 -0.0391285 0.197265 0.339399 -0.300427 0.338249 0.261248 0.106889 0.249407 0.391745 0.322598 0.124618 0.0912496 0.405391 0.31802 0.249319
0.343402 0.500783 0.237863 0.298207 0.129717 0.107918 0.293863 0.181403 0.236332 0.234244 0.31487 0.569009 0.534783 1 0.495347 0.526034 0.240173 0.426257 0.436786 0.176777 0.525011 0.376109 0.269318 0.49285 0.30259 0.607395 0.434092 0.344869 0.507161 0.233956 -0.0663489 0.0849176 0.364232 0.496597 0.25004 0.471971 0.47223 0.47914 0.402486 0.50157 0.450332 0.282315 0.377494 0.425986 0.394023 0.440503 0.313168 0.414014 0.321954 -0.0678353 0.0572283 0.595818 0.461629 0.180468 0.354974 0.513241 0.291967 0.218569 0.40642 0.527367 0.373778 0.543718 0.0380652 0.399696 0.0206945 0.144853 0.341469 0.616602 0.373578 -0.0760131 -0.0407183 0.479392 0.487048 0.387556 0.120082 0.370314 0.327555 -0.0227925 0.231072 0.123433 0.274833 0.274794 0.348263 0.116299 0.301147 0.388556 0.331837 0.438799 0.385354 0.399723 0.0983446 0.00787469 0.44457 0.157932 0.296684 0.160475 0.169381 0.296183 0.192991 0.402517 0.417362 0.197516 0.354558 0.173556 0.253268 -0.276262 0.350915 0.400877 0.299405 0.313149 0.275731 0.226751 0.3308 0.369318 0.306778 0.323122 0.388609 0.362538 0.28186 0.244347 0.318361 0.196195 0.240578 0.0336998 0.104569 0.426815 0.314057 0.26748 0.362549 0.380039 0.244044 0.121455 0.337928 0.0325458 0.126674 0.392151 -0.328399 0.342201 0.211016 0.0860627 0.252096 0.490561 0.334649 0.0787016 0.0491553 0.380899 0.356107 0.18968
0.498061 0.20208 0.385426 0.39121 0.367125 0.553128 0.467274 0.247449 0.452657 0.36173 0.270105 0.55028 0.359713 0.495347 1 0.729922 0.271092 0.389301 0.338467 0.302168 0.192427 0.198235 0.327768 0.526154 0.680309 0.560364 0.614228 0.671424 0.601989 0.694144 0.321736 0.113871 0.452792 0.599557 0.413915 0.39467 0.3274 0.623224 0.427721 0.363997 0.447484 0.126324 0.294921 0.293119 0.524888 0.468843 0.477499 0.380493 0.34922 -0.189532 -0.0789048 0.695098 0.747976 0.742047 0.569656 0.540791 0.334499 0.203822 0.388075 0.391553 0.404086 0.559154 0.264719 0.381643 0.622671 0.207465 0.578627 0.600091 0.501886 0.254168 0.405248 0.617755 0.585872 0.406836 0.615904 0.196888 0.252412 0.231676 0.621551 0.584148 0.444092 0.526448 0.461898 0.374797 0.279944 0.410045 0.460736 0.451168 0.663887 0.679174 0.100166 0.0575001 0.338393 0.126221 0.0449758 0.168244 0.369081 0.390775 0.494711 0.427343 0.471398 0.477649 0.593318 0.612795 0.135006 -0.170581 0.31339 0.536801 0.391337 0.355671 0.418438 0.523144 0.226829 0.323364 0.406338 0.119083 0.34588 0.292028 0.466652 0.411605 0.334474 0.229391 0.207842 0.13207 -0.000924309 0.442343 0.626954 0.659213 0.370609 0.276036 0.200459 0.107058 0.309383 -0.163646 0.267085 0.399986 -0.171807 0.282524 0.525384 0.261955 0.530297 0.400899 0.451783 0.44875 0.438399 0.560983 0.546846 0.348271
0.631058 0.199357 0.351797 0.550504 0.52794 0.678137 0.470746 0.258874 0.466905 0.419746 0.202127 0.607081 0.50833 0.526034 0.729922 1 0.380614 0.550962 0.386618 0.220777 0.291658 0.308932 0.443392 0.588198 0.71803 0.692102 0.672909 0.559755 0.660135 0.704761 0.298735 0.1542 0.529136 0.629302 0.40452 0.557642 0.405655 0.81161 0.489153 0.58413 0.617454 -0.0505214 0.522444 0.415474 0.551713 0.466739 0.570785 0.567672 0.474651 -0.379294 -0.153019 0.545398 0.584455 0.599278 0.701746 0.524927 0.438834 0.253671 0.524516 0.495933 0.557 0.460043 0.177494 0.354108 0.548976 0.20547 0.620825 0.648591 0.495006 0.276149 0.399863 0.747103 0.754531 0.522951 0.508313 0.211393 0.404715 0.284194 0.722074 0.676578 0.401281 0.602232 0.641823 0.367532 0.317771 0.440289 0.600587 0.572717 0.670825 0.831664 0.177077 0.0455644 0.334853 0.150278 0.0688178 0.127102 0.295942 0.429801 0.606685 0.517 0.603691 0.56606 0.667854 0.641928 0.317942 -0.205335 0.411878 0.60481 0.485017 0.415651 0.399192 0.670219 0.353975 0.480643 0.602889 -0.00578248 0.545799 0.290517 0.558606 0.505577 0.48349 0.251801 0.239075 0.00344341 -0.0638564 0.567416 0.672766 0.700319 0.407085 0.408942 0.262108 0.107655 0.377935 -0.176803 0.283357 0.457263 -0.251766 0.497033 0.555363 0.359423 0.564338 0.46996 0.56241 0.516254 0.560117 0.666899 0.733258 0.359397
0.281172 0.225378 -0.0840069 0.499068 0.342968 0.298276 0.221963 -0.0991553 0.124855 0.307493 0.266312 0.533584 0.264255 0.240173 0.271092 0.380614 1 0.467195 0.352615 0.192496 0.282366 0.348269 0.430593 0.145171 0.308539 0.538952 0.463038 0.224449 0.406601 0.395405 0.0507985 0.113857 0.464736 0.520554 0.440739 0.611229 0.242692 0.430639 0.326228 0.322725 0.52178 -0.036517 0.538366 0.322413 0.279182 0.217148 0.253723 0.58384 0.458758 -0.317114 -0.117371 0.177147 0.183096 0.143229 0.256679 0.310014 0.368888 0.304916 0.52067 0.312081 0.564426 0.285927 -0.000890496 0.140555 0.294297 -0.0143725 0.397228 0.466364 0.373644 0.141223 0.0261122 0.478839 0.520173 0.417087 0.103527 0.199465 0.0780381 -0.0153279 0.279484 0.267961 0.20724 0.37445 0.366509 0.274468 0.228516 0.230624 0.167055 0.241084 0.309285 0.316437 0.156369 -0.168767 0.252803 0.165992 0.0961241 0.0761107 0.252902 0.0854716 0.164654 0.270441 0.45323 0.0530064 0.316742 0.269741 0.151164 -0.106447 0.190167 0.336703 0.308531 0.397793 0.339496 0.204295 0.328387 0.202299 0.440494 0.00624485 0.337944 0.279238 0.208055 0.312249 0.118055 0.203964 0.0428137 0.00413981 -0.120389 0.302081 0.311383 0.354002 0.158137 0.348468 0.199617 0.0872015 0.296741 -0.0406695 0.134616 0.158507 -0.0716222 0.365863 0.396657 0.201462 0.293403 0.244192 0.331836 0.247002 0.270458 0.313724 0.443745 0.154499
0.383287 0.321433 0.0730193 0.56142 0.397322 0.319476 0.326895 0.0133968 0.227918 0.438385 0.205511 0.563519 0.385419 0.426257 0.389301 0.550962 0.467195 1 0.396383 0.163481 0.399082 0.396322 0.524625 0.317871 0.332234 0.6527 0.548231 0.297723 0.562307 0.383742 0.0738435 0.235675 0.482277 0.58217 0.380809 0.637518 0.423922 0.548961 0.347472 0.411548 0.540959 0.0145905 0.647103 0.372082 0.387863 0.376942 0.364343 0.611682 0.560157 -0.3635 -0.115558 0.357069 0.327535 0.190016 0.361499 0.443113 0.392015 0.274425 0.54038 0.429241 0.567566 0.350641 0.154165 0.347706 0.21518 0.0576942 0.464403 0.602188 0.42414 0.0335799 -0.0290723 0.594517 0.586152 0.486529 0.238846 0.240838 0.221164 0.191987 0.400806 0.349473 0.340057 0.43854 0.495988 0.228222 0.312958 0.397253 0.447135 0.496526 0.548917 0.517856 0.178097 0.000806354 0.343619 0.239156 0.160727 0.0274041 0.205308 0.311531 0.34113 0.455865 0.546948 0.218957 0.451169 0.340695 0.196474 -0.184013 0.33284 0.452089 0.407043 0.504757 0.402645 0.378342 0.351903 0.361573 0.540386 0.0668099 0.503006 0.279905 0.402509 0.456486 0.414377 0.251185 0.14832 0.0304401 -0.0477848 0.536555 0.499508 0.473283 0.335972 0.493924 0.272447 0.185046 0.427579 -0.0376765 0.17434 0.32344 -0.21546 0.509886 0.418822 0.282335 0.441418 0.386772 0.421439 0.244999 0.295507 0.535582 0.616442 0.284483
0.108394 0.812316 -0.00842748 0.539098 0.138773 0.0680209 0.376919 0.060906 0.171323 0.263355 0.642109 0.523163 0.240825 0.436786 0.338467 0.386618 0.352615 0.396383 1 0.517133 0.770565 0.767659 0.445333 0.154234 0.068639 0.633668 0.568629 0.403922 0.63828 0.243181 -0.0865172 0.00763095 0.515643 0.494397 0.225269 0.554374 0.554972 0.392785 0.395886 0.189015 0.54572 0.640361 0.522108 0.75486 0.40257 0.284496 0.246221 0.463731 0.498499 -0.246765 0.397174 0.504781 0.303984 0.0591677 0.113001 0.718714 0.71303 0.757022 0.639626 0.657347 0.648624 0.543219 0.0458011 0.380589 0.0948105 0.246968 0.543878 0.567701 0.487798 -0.029869 -0.154846 0.445035 0.388557 0.470989 0.0292588 0.73314 0.183113 0.129998 0.163474 0.162711 0.430264 0.35847 0.368175 0.193454 0.697973 0.57706 0.356596 0.522254 0.460464 0.341483 0.294904 0.116309 0.646972 0.558914 0.696143 0.549344 0.259797 0.137666 0.0929082 0.637686 0.52732 0.14232 0.514217 0.220695 0.0985321 -0.247867 0.375727 0.420301 0.326113 0.548739 0.497628 0.137531 0.496988 0.377737 0.480056 0.659997 0.355369 0.658537 0.397109 0.316716 0.347994 0.281093 0.283969 0.204119 0.475941 0.465811 0.28798 0.333096 0.290264 0.756914 0.757353 0.654314 0.69721 0.369535 0.399857 0.308612 -0.216562 0.34089 0.482427 0.262306 0.422032 0.606613 0.507863 0.166583 0.163307 0.501737 0.521655 0.279833
0.11599 0.350408 0.0791663 0.282084 -0.00142097 0.032002 0.409792 -0.0415477 0.0450642 0.102472 0.803638 0.269575 0.195814 0.176777 0.302168 0.220777 0.192496 0.163481 0.517133 1 0.277273 0.592556 0.0654592 0.027993 -0.0700061 0.311646 0.414191 0.37201 0.367198 0.129031 -0.0904884 -0.122328 0.305319 0.203756 0.0527309 0.263019 0.272215 0.075113 0.295947 0.00596253 0.276219 0.420034 0.18968 0.583918 0.349402 0.248346 0.157322 0.181385 0.376158 -0.200042 0.398612 0.403699 0.422275 0.113453 -0.028603 0.520185 0.736618 0.749032 0.397996 0.40698 0.382653 0.338839 0.10543 0.363401 0.122095 0.260614 0.329871 0.305427 0.433396 -0.199084 -0.0978462 0.137863 0.0602928 0.319184 0.230021 0.363106 0.0548052 0.0713358 0.194255 0.0473142 0.493123 0.160798 0.207569 0.145483 0.747767 0.418007 0.266616 0.257625 0.432324 0.219771 0.225087 0.181772 0.314956 0.743939 0.290543 0.576703 0.125823 0.0517124 0.0335533 0.431635 0.455212 0.102221 0.258657 0.205859 0.0735162 -0.256746 0.234438 0.344536 0.152772 0.321861 0.387322 -0.12131 0.378266 0.209769 0.244161 0.385776 0.192591 0.613532 0.194179 0.229507 0.407556 0.233697 0.263803 -0.00665232 0.489016 0.33133 0.343655 0.226076 0.328301 0.598637 0.602909 0.750733 0.439212 0.0413641 0.477624 0.261544 -0.210542 0.0295223 0.420531 0.263684 0.310346 0.443403 0.479494 0.011305 -0.0576137 0.255727 0.231477 0.238211
0.142528 0.811379 0.00458983 0.406349 0.104709 -0.0784817 0.283902 0.0624504 0.140612 0.255989 0.472123 0.458619 0.293738 0.525011 0.192427 0.291658 0.282366 0.399082 0.770565 0.277273 1 0.710733 0.396805 0.223105 0.0709061 0.562073 0.369562 0.219084 0.454849 0.152353 -0.176754 0.00687024 0.451565 0.423277 0.213697 0.486351 0.599418 0.370575 0.297722 0.269646 0.461069 0.599776 0.562648 0.657963 0.337888 0.220916 0.213618 0.427924 0.400447 -0.102423 0.376029 0.463997 0.207411 -0.110811 0.136907 0.610026 0.456268 0.550542 0.486461 0.532747 0.52568 0.46441 0.0128459 0.385264 -0.10226 0.198754 0.375211 0.501448 0.324297 -0.127268 -0.243511 0.380983 0.416656 0.470321 -0.0583129 0.691689 0.228849 0.0494317 0.0746036 0.0202677 0.243446 0.23124 0.306424 0.0984722 0.479413 0.491562 0.286825 0.500294 0.361093 0.264865 0.269504 0.127317 0.663847 0.374288 0.72916 0.439202 0.191016 0.104602 0.137223 0.535122 0.446708 0.100145 0.350084 0.146068 0.186618 -0.189207 0.3555 0.35098 0.293785 0.40768 0.3504 0.148546 0.4613 0.39133 0.420818 0.68983 0.401547 0.505486 0.290445 0.237401 0.350659 0.172749 0.229054 0.177448 0.400624 0.501362 0.162155 0.249289 0.343342 0.631884 0.551663 0.44258 0.577764 0.408406 0.27737 0.389827 -0.301029 0.409513 0.292916 0.0768532 0.276676 0.547181 0.340513 -0.0096707 0.0781709 0.38579 0.448964 0.177466
0.138558 0.656701 -0.14838 0.53245 0.025415 0.0114693 0.38061 -0.0738201 0.147082 0.294222 0.760397 0.481792 0.281013 0.376109 0.198235 0.308932 0.348269 0.396322 0.767659 0.592556 0.710733 1 0.366844 0.0135673 0.0534034 0.598161 0.45103 0.260551 0.52572 0.18192 -0.244358 0.022092 0.511343 0.416746 0.104218 0.58838 0.519714 0.315998 0.333116 0.224175 0.546982 0.465813 0.54966 0.832053 0.385099 0.256068 0.24637 0.495867 0.549293 -0.298376 0.456342 0.418416 0.266739 -0.0418506 0.111818 0.633028 0.733832 0.817836 0.624461 0.532319 0.666042 0.43735 -0.0181352 0.390338 0.0338495 0.224818 0.438228 0.552441 0.450612 -0.14607 -0.218398 0.373854 0.355278 0.570598 0.00593238 0.617711 0.0464618 0.095926 0.0910593 0.053895 0.424434 0.287792 0.331757 0.144332 0.767499 0.547373 0.330393 0.358037 0.44128 0.273524 0.362114 0.148558 0.60898 0.646685 0.590035 0.630804 0.227353 0.019378 0.0662195 0.579068 0.547236 -0.0260343 0.300407 0.210053 0.0542381 -0.312523 0.341285 0.371667 0.276361 0.509317 0.407005 0.00044059 0.542933 0.387146 0.495549 0.579421 0.317895 0.738769 0.241357 0.346696 0.391798 0.256255 0.2523 0.0359882 0.507219 0.505253 0.259698 0.257907 0.368979 0.738364 0.693876 0.672422 0.624511 0.239521 0.427267 0.287001 -0.284938 0.280377 0.475856 0.219264 0.320138 0.554077 0.493413 -0.00044542 0.0725835 0.412719 0.46697 0.253982
0.397668 0.349056 -0.00184005 0.53532 0.384915 0.323197 0.236976 0.0248358 0.348855 0.345171 0.127121 0.477193 0.229964 0.269318 0.327768 0.443392 0.430593 0.524625 0.445333 0.0654592 0.396805 0.366844 1 0.329114 0.369772 0.563923 0.441675 0.239849 0.492667 0.403795 0.146966 0.151285 0.50168 0.513859 0.423778 0.505722 0.44629 0.517823 0.26683 0.384828 0.527385 0.0861931 0.729644 0.361115 0.4217 0.194996 0.313512 0.558667 0.431048 -0.236262 -0.0903925 0.238359 0.172481 0.221334 0.335446 0.346994 0.293316 0.276867 0.499223 0.307042 0.521079 0.341527 0.0315483 0.203918 0.249367 0.0873635 0.480892 0.443421 0.323513 0.220966 0.0321701 0.535428 0.527194 0.383539 0.127033 0.295771 0.0938818 0.235524 0.3406 0.358053 0.178218 0.370056 0.467858 0.237845 0.194889 0.288844 0.330732 0.41717 0.380019 0.385334 0.2352 -0.061489 0.400657 0.166316 0.215224 0.0545617 0.23813 0.196604 0.282301 0.386931 0.362613 0.207557 0.410384 0.310478 0.0898458 -0.115026 0.293657 0.421849 0.387424 0.408303 0.336724 0.340609 0.262915 0.260026 0.532651 0.169522 0.420085 0.294505 0.35921 0.408157 0.210125 0.224624 0.0894841 0.0358255 -0.0463258 0.394815 0.332422 0.368924 0.134777 0.356047 0.251726 0.0791247 0.382121 0.0847411 0.139628 0.254547 -0.202388 0.475804 0.394037 0.318776 0.333045 0.314276 0.262904 0.298094 0.375291 0.439829 0.524465 0.256178
0.638575 0.142244 0.474337 0.172552 0.409698 0.406281 0.232671 0.28863 0.262449 0.164079 0.0191372 0.322941 0.366853 0.49285 0.526154 0.588198 0.145171 0.317871 0.154234 0.027993 0.223105 0.0135673 0.329114 1 0.479764 0.372491 0.37605 0.373129 0.340604 0.36602 0.307217 0.0285562 0.173466 0.287326 0.26144 0.166518 0.4544 0.521805 0.132487 0.326102 0.254731 -0.00306538 0.332201 0.158983 0.30276 0.274553 0.400291 0.236635 0.147482 -0.00186361 -0.134582 0.553362 0.440524 0.40916 0.583588 0.388136 0.131702 0.00325521 0.216302 0.291914 0.193523 0.462746 0.165842 0.478944 0.174963 0.199546 0.389967 0.390945 0.29767 0.0845625 0.175053 0.520798 0.380579 0.22005 0.427986 0.0820812 0.362871 0.134593 0.507459 0.356562 0.164917 0.30431 0.278986 0.112772 0.0881719 0.232257 0.412964 0.459494 0.417892 0.541542 0.0768721 0.096899 0.170816 0.00079266 0.0950834 -0.0107741 0.155553 0.493756 0.489653 0.293633 0.31016 0.421416 0.399113 0.304337 0.439989 -0.108405 0.271539 0.320279 0.371682 0.0332416 0.198772 0.494723 0.0794475 0.318424 0.250205 0.00443143 0.357654 0.112777 0.237802 0.197684 0.396141 0.170598 0.182728 0.101086 -0.0704273 0.437872 0.408636 0.387624 0.342915 0.226044 0.0834759 -0.00795697 0.178743 0.00540408 0.164875 0.524847 -0.217055 0.397717 0.169417 0.127989 0.334473 0.386996 0.284233 0.225064 0.210597 0.399908 0.343437 0.222483
0.608863 -0.00855151 0.272502 0.406177 0.612948 0.763585 0.301518 0.170789 0.568279 0.453167 -0.10768 0.424113 0.269261 0.30259 0.680309 0.71803 0.308539 0.332234 0.068639 -0.0700061 0.0709061 0.0534034 0.369772 0.479764 1 0.4712 0.448395 0.426487 0.383763 0.807647 0.423043 0.202003 0.433674 0.521202 0.378554 0.386782 0.244492 0.797807 0.273163 0.454668 0.454762 -0.218603 0.415825 0.104527 0.382983 0.311307 0.460552 0.399349 0.237303 -0.316414 -0.323556 0.397833 0.421281 0.716685 0.793884 0.307572 0.0785307 -0.0564602 0.281465 0.192165 0.360519 0.314796 0.231626 0.143759 0.661018 0.110668 0.413993 0.463779 0.271332 0.49037 0.616756 0.712304 0.750529 0.382201 0.542408 -0.0167077 0.270246 0.333035 0.709373 0.784086 0.196052 0.566404 0.569786 0.405696 -0.0159727 0.149462 0.328156 0.339781 0.542177 0.696868 0.110213 -0.0324235 0.173645 -0.117583 -0.135823 -0.0603455 0.271418 0.356076 0.6883 0.236232 0.368913 0.468316 0.490576 0.676886 0.231086 -0.0611427 0.256093 0.40496 0.431922 0.208357 0.242087 0.691751 0.0741412 0.241263 0.439787 -0.182349 0.445359 0.0391003 0.438201 0.373611 0.254507 0.114912 0.076954 -0.0119273 -0.254271 0.412642 0.493566 0.736162 0.297424 0.0993065 -0.0533129 -0.233675 0.102153 -0.280218 0.0723909 0.360676 -0.100138 0.392114 0.481395 0.293116 0.433383 0.193195 0.304223 0.567582 0.697827 0.560492 0.601453 0.294881
0.477179 0.508068 0.185243 0.708417 0.425119 0.383423 0.523685 0.178594 0.343122 0.501736 0.357887 0.768725 0.523899 0.607395 0.560364 0.692102 0.538952 0.6527 0.633668 0.311646 0.562073 0.598161 0.563923 0.372491 0.4712 1 0.828465 0.546986 0.799882 0.549192 0.0224777 0.144493 0.692256 0.781187 0.440676 0.853552 0.495143 0.725743 0.508053 0.490776 0.808 0.143679 0.700788 0.61131 0.535159 0.548915 0.481873 0.761282 0.697143 -0.53856 -0.0843154 0.587254 0.461249 0.264734 0.543628 0.66586 0.573034 0.44882 0.743465 0.662292 0.745766 0.485499 0.111448 0.448375 0.311353 0.209066 0.70101 0.792467 0.554437 -0.0240275 -0.0221523 0.773182 0.725058 0.702653 0.339117 0.391616 0.392608 0.165267 0.49947 0.431056 0.454577 0.675325 0.605572 0.350556 0.480828 0.544541 0.524419 0.62489 0.720608 0.65162 0.329868 0.0793128 0.449185 0.302941 0.277052 0.224625 0.290237 0.278656 0.336822 0.662701 0.75674 0.273576 0.607141 0.493727 0.22424 -0.375047 0.515416 0.615915 0.483463 0.645003 0.451564 0.402145 0.581962 0.48926 0.698389 0.185848 0.590732 0.454737 0.514721 0.627845 0.498645 0.315677 0.312871 -0.00893338 0.00995743 0.668285 0.643904 0.527385 0.511103 0.609874 0.451218 0.266632 0.596 -0.0186668 0.293187 0.466197 -0.344978 0.624629 0.610893 0.388334 0.568248 0.61202 0.626512 0.232714 0.319343 0.67876 0.739498 0.376227
0.486342 0.359951 0.263096 0.637477 0.443891 0.455841 0.546599 0.199975 0.369823 0.386014 0.359081 0.706863 0.453091 0.434092 0.614228 0.672909 0.463038 0.548231 0.568629 0.414191 0.369562 0.45103 0.441675 0.37605 0.448395 0.828465 1 0.630604 0.767723 0.596112 0.114395 0.0676967 0.627426 0.697187 0.36668 0.738569 0.362217 0.615896 0.497334 0.368979 0.668165 0.063804 0.556002 0.463665 0.521332 0.518363 0.452804 0.641724 0.640355 -0.52236 -0.105227 0.548148 0.506146 0.393397 0.498786 0.687854 0.621386 0.451061 0.698496 0.618575 0.625447 0.494149 0.178649 0.476144 0.434304 0.206761 0.764918 0.697163 0.602545 -0.036292 0.0743278 0.715198 0.586294 0.595643 0.482773 0.324764 0.383319 0.174116 0.57223 0.482046 0.47817 0.664965 0.581984 0.32297 0.467834 0.528882 0.53855 0.553433 0.752054 0.66821 0.255469 0.0519972 0.350544 0.333695 0.159785 0.159073 0.30475 0.314274 0.377615 0.627809 0.759258 0.363413 0.650661 0.582422 0.229076 -0.298627 0.403771 0.60413 0.409669 0.564834 0.509625 0.434487 0.461583 0.420931 0.636767 0.0616985 0.533395 0.388978 0.507603 0.580067 0.498905 0.300632 0.342642 0.0098402 -0.0154784 0.590835 0.698807 0.571447 0.493044 0.599417 0.459111 0.314213 0.546506 -0.0546577 0.357676 0.429832 -0.275748 0.533579 0.633049 0.470634 0.640604 0.583731 0.683387 0.31089 0.362661 0.674802 0.687793 0.389157
0.337689 0.294966 0.490449 0.440484 0.261295 0.415612 0.543583 0.344244 0.389832 0.259245 0.345559 0.443524 0.271019 0.344869 0.671424 0.559755 0.224449 0.297723 0.403922 0.37201 0.219084 0.260551 0.239849 0.373129 0.426487 0.546986 0.630604 1 0.674491 0.506794 0.123239 0.134326 0.441557 0.543123 0.240388 0.383562 0.242313 0.45338 0.318107 0.169488 0.446888 0.174094 0.211001 0.341589 0.693748 0.444822 0.375497 0.334959 0.41001 -0.216081 0.0721224 0.588759 0.484665 0.48271 0.352039 0.547209 0.392124 0.324392 0.445608 0.451134 0.367891 0.395996 0.220203 0.372474 0.473725 0.246131 0.618193 0.508241 0.521195 0.0688674 0.2171 0.511048 0.410864 0.417471 0.473142 0.303106 0.356201 0.292599 0.468046 0.451844 0.479201 0.507574 0.374178 0.302681 0.409797 0.443387 0.392232 0.39504 0.526142 0.559332 0.186557 0.0717429 0.356536 0.245732 0.182383 0.323154 0.274108 0.229671 0.323869 0.482429 0.474844 0.503687 0.566372 0.53308 0.173684 -0.183815 0.350035 0.50649 0.367414 0.408872 0.400235 0.37149 0.307734 0.258813 0.430404 0.214345 0.289668 0.358722 0.533803 0.338953 0.369741 0.273908 0.332951 0.109519 0.191974 0.3825 0.472086 0.440915 0.384644 0.313863 0.398853 0.286554 0.437372 0.0147736 0.339551 0.42621 -0.212776 0.221342 0.547803 0.423105 0.540475 0.463176 0.495482 0.299084 0.244963 0.506333 0.508024 0.406554
0.3632 0.440923 0.301572 0.716047 0.354545 0.403045 0.519238 0.192918 0.38305 0.424559 0.442192 0.693185 0.386184 0.507161 0.601989 0.660135 0.406601 0.562307 0.63828 0.367198 0.454849 0.52572 0.492667 0.340604 0.383763 0.799882 0.767723 0.674491 1 0.509253 0.0973566 0.186272 0.596533 0.715947 0.405726 0.728771 0.391839 0.570483 0.504784 0.390083 0.67171 0.168073 0.524859 0.575225 0.70829 0.493079 0.464602 0.633187 0.625635 -0.410794 0.108584 0.539246 0.439909 0.386569 0.354762 0.651821 0.620921 0.513348 0.729111 0.636971 0.677715 0.504842 0.163888 0.362559 0.41911 0.190075 0.714904 0.733601 0.623115 0.0338004 0.0498838 0.652418 0.591129 0.565282 0.289614 0.433171 0.341693 0.264336 0.450608 0.385806 0.488107 0.586652 0.506852 0.34666 0.530577 0.563461 0.467752 0.463603 0.586413 0.591824 0.291045 0.0857779 0.499026 0.359937 0.29391 0.313565 0.336371 0.249223 0.26805 0.643206 0.655236 0.365177 0.68491 0.470895 0.103726 -0.241549 0.419132 0.569578 0.384994 0.612059 0.488717 0.325467 0.430267 0.346301 0.60654 0.254317 0.431737 0.488303 0.562297 0.537833 0.428738 0.311368 0.326065 0.05462 0.153495 0.509962 0.514869 0.474601 0.37899 0.56687 0.521758 0.361412 0.58147 0.0242086 0.348775 0.336191 -0.289101 0.3987 0.596367 0.409772 0.574462 0.580183 0.619388 0.313252 0.345351 0.570962 0.644988 0.426011
