148
1 0.106135 0.0123953 0.0608411 0.664331 0.28787 0.0675215 0.0166431 0.129787 -0.0552305 0.257094 0.248826 0.30959 0.617576 0.716475 0.288441 0.119584 0.167441 0.0898215 0.248229 0.0991585 0.279203 0.189196 0.579138 0.355408 0.0618583 0.156775 0.098927 0.148451 0.275707 0.124488 0.258791 0.26668 0.144167 0.120568 -0.0235936 0.162199 0.298637 0.163612 0.0949659 0.0159424 -0.00561416 0.248906 0.189764 0.221993 0.138547 0.0637315 0.0781913 0.175458 -0.000601671 0.200661 0.463358 0.414452 0.315719 0.167989 0.250795 0.145296 0.212189 -0.0700072 0.183196 0.118415 0.719215 0.265315 0.370468 0.273263 0.283826 0.206733 0.146469 0.0521717 0.159421 0.186848 0.141664 0.196242 0.17971 0.159907 0.120886 -0.0495323 0.0652359 0.160303 0.341817 0.176996 0.165012 0.0678552 0.0466573 0.260329 -0.047821 0.115643 -0.060743 0.157333 0.00513637 0.178167 0.098574 0.151901 0.223011 0.0719403 0.238992 0.136384 0.126148 0.128015 -0.0308335 0.209286 0.066705 0.00755518 0.135044 0.0648462 -0.00108263 0.197293 0.0543557 -0.0306054 -0.012791 0.0277222 -0.0214774 0.0464375 0.109222 -0.125402 0.134141 0.190917 0.207392 0.153099 0.0210225 0.00887523 0.123085 0.0363422 0.0892123 0.105448 0.0129481 -0.00465822 0.170226 0.0462809 0.100831 0.148487 0.159753 0.0886963 0.0759346 0.208725 0.0857162 -0.0611384 0.110558 0.137915 0.168339 0.136385 -0.0630523 -0.00789652 -0.0221379 0.103044 0.164082 0.082007 0.0596182
0.106135 1 0.0524685 -0.092065 0.131111 0.022491 -0.0411398 -0.0154578 0.0393401 0.176981 0.578785 0.0591526 0.108275 0.207219 0.257868 0.229907 0.0871326 0.0415885 0.660773 0.594561 0.694565 0.607604 0.0345201 0.252644 0.198157 -0.00515338 0.19271 0.118325 0.119922 0.000762883 0.0162728 0.0367208 0.0755049 0.107917 0.0770606 -0.0113044 0.272034 0.281909 0.197635 -0.00136729 -0.0524543 0.558462 0.121342 0.379484 0.0478415 -0.0530165 0.114496 -0.032227 0.00621477 0.190385 0.530732 0.30254 0.0476431 -0.036943 0.107894 0.492017 0.702985 0.497105 0.48831 0.417166 0.090139 0.16629 0.0715606 0.130119 0.0356049 0.0590911 0.224825 0.293792 0.2608 0.0236374 -0.0464945 0.145765 0.0372801 0.082126 0.298152 0.751085 -0.0612468 -0.00567928 -0.0903043 -0.0778603 -0.0238761 0.0127337 -0.0609838 0.0161297 0.310829 0.134623 0.0417343 0.301267 0.264975 0.0985084 0.0757756 0.142231 0.409434 0.350248 0.616893 0.552276 0.0930897 0.0662299 0.0890621 -0.0600741 0.127257 0.0895432 0.14711 0.0591006 -0.0118025 -0.0804654 0.00363165 -0.189287 -0.0805875 -0.222969 0.226082 0.0168761 0.0636447 0.104289 -0.135281 0.701972 0.086769 0.344286 0.0449395 -0.0790134 -0.051743 -0.112999 0.149592 0.00725905 0.423964 0.260636 0.147657 0.0959565 0.108501 0.44279 0.614644 0.409097 0.417415 0.474008 0.134155 0.114547 -0.203048 0.0892766 -0.0188095 -0.0451545 0.157671 0.366588 0.0601321 0.124501 -0.0767678 0.140846 0.0225184 -0.207112
0.0123953 0.0524685 1 0.0117775 0.161311 0.0683638 0.382907 0.431326 0.195058 0.106415 0.167067 -0.0139095 -0.0769578 -0.0507833 -0.00402288 0.450817 0.197771 0.174162 0.255959 0.218205 0.257117 0.124361 -0.0902712 0.00618651 0.326326 0.380877 0.674405 0.515879 0.381214 0.356895 -0.0376667 0.0867169 0.25985 0.0524788 -0.0687407 0.359874 0.292211 -0.073775 -0.137347 -0.0171779 0.455081 0.174875 -0.192712 0.283094 0.504595 0.447137 -0.159011 0.379921 0.130114 -0.000101731 -0.108557 0.186838 0.181519 0.20003 0.0602798 0.477234 0.196769 0.331527 0.163016 0.494879 0.307046 -0.176915 0.0143652 0.153691 0.280183 0.156552 0.554613 0.321357 0.413096 -0.0580826 -0.0196334 -0.0597699 -0.0748014 0.110542 0.348086 0.0903733 0.636294 0.333962 0.304558 0.279785 0.308476 0.433863 0.281263 0.298284 0.268672 0.209266 -0.204267 0.221622 0.475857 0.428296 0.219625 0.27697 0.35957 0.336414 0.144927 0.250292 0.238134 0.267976 0.414697 0.534092 0.658455 0.507908 0.479594 0.554805 0.147909 0.0054207 -0.0271225 0.207412 -0.053889 0.329602 0.00453842 0.117039 -0.20341 0.0215333 0.272793 0.241535 0.180757 0.325424 0.459864 0.516942 0.0897827 0.233718 0.277291 -0.0399092 0.0521951 0.293821 0.472709 0.296332 0.42761 0.52969 0.223789 0.397986 0.133748 0.19709 0.151352 0.0697751 0.0814904 0.335332 0.473973 0.133752 0.560659 0.32105 0.258979 -0.155208 0.199994 0.209766 0.0108044 0.14083
0.0608411 -0.092065 0.0117775 1 0.189798 0.246921 0.0703553 0.133287 0.0287879 0.146907 0.0778732 0.50956 -0.00570405 0.0631783 0.2333 0.0607144 0.284884 -0.0231771 0.0450907 0.056762 -0.108051 0.132513 0.147603 -0.0699929 0.254968 0.563001 0.203442 0.442437 0.501331 0.251804 -0.15378 0.0430665 0.44538 0.42982 0.2433 0.650045 0.0667256 0.124425 -0.131812 0.169764 0.359442 -0.0945802 0.161107 0.211368 0.509562 0.262547 0.049752 0.23007 0.616737 -0.385121 0.088813 0.164066 0.237693 0.267956 0.172484 0.105082 0.135421 0.177417 0.0599132 -0.0155086 0.302119 0.0459631 -0.188393 -0.0826051 0.335245 -0.0509598 0.316893 0.0884496 0.186967 -0.0828417 0.313259 0.379248 0.38642 0.231147 -0.134744 -0.25899 -0.0951951 0.398605 0.00967575 0.191703 0.1714 0.230075 -0.098223 0.0352947 0.100959 0.20439 -0.0613769 -0.12138 -0.129756 0.0716712 0.22778 -0.0437723 -0.166901 0.0458429 -0.25308 0.0992917 -0.366008 -0.251164 -0.0987196 0.0853079 0.0217663 0.067517 -0.0531513 0.0348939 -0.153083 -0.0536794 0.25108 0.0148678 0.126246 0.248916 0.157521 -0.216406 0.261004 0.19401 0.229243 -0.156914 -0.312604 -0.00162816 0.375748 0.0305793 -0.294902 0.21173 0.151857 0.016252 -0.125816 -0.189285 -0.0171144 0.0414473 -0.163547 -0.126652 -0.164681 0.0183876 -0.0853705 -0.192483 0.124244 0.302703 -0.135397 -0.249428 0.0487739 0.0238987 0.0471433 -0.213289 0.0976603 -0.0256598 -0.0403611 -0.127126 -0.0495187 0.127106
0.664331 0.131111 0.161311 0.189798 1 0.519036 0.233512 0.214971 0.389836 0.113266 0.350705 0.158272 0.172097 0.411565 0.614441 0.331909 0.202717 0.135118 0.0358348 0.294101 0.158243 0.344092 0.257553 0.46647 0.412995 0.103654 0.366844 0.264827 0.227914 0.506441 0.0579719 0.295522 0.348753 0.137212 0.188183 0.110273 0.153228 0.160012 0.128563 0.153649 0.115341 -0.0917425 0.289731 0.297903 0.415111 0.28133 -0.0494002 0.162152 0.190586 -0.105808 0.17456 0.43791 0.495153 0.364468 0.124761 0.33291 0.0940825 0.268503 0.0464721 0.244203 0.206054 0.514236 0.236353 0.439498 0.42572 0.297183 0.35043 0.0972697 0.217289 0.19449 0.350014 0.0460402 0.286257 0.209895 0.133973 0.0998903 0.0240892 0.328362 0.193468 0.467363 0.349654 0.294303 0.198658 0.142109 0.441338 -0.0838296 -0.0687425 -0.051228 0.256138 0.118069 0.377696 0.130625 0.276387 0.374104 0.155956 0.323788 0.109392 0.184062 0.219224 0.0970914 0.367878 0.268985 0.156377 0.399798 0.0934102 -0.100104 0.321587 0.304497 -0.00192503 0.120929 0.0512517 -0.00208632 -0.0721095 0.0912779 0.043832 0.186069 0.19181 0.352967 0.40439 0.243463 0.0501811 0.241801 0.235679 0.00982526 0.177271 -0.00202432 0.169473 0.22289 0.018717 0.215974 0.224018 0.338403 0.126033 0.132382 0.195766 0.0140943 -0.0473061 0.152641 0.343609 0.270604 0.244209 -0.0522944 -0.0352175 0.0765999 0.297805 0.0759417 0.184962 0.164821
0.28787 0.022491 0.0683638 0.246921 0.519036 1 0.34349 0.287708 0.284156 0.141086 0.233939 0.230838 0.211833 0.241896 0.425074 0.386826 0.222123 0.194888 0.0553455 0.213443 -0.0319516 0.253415 0.288417 0.27293 0.263242 0.221769 0.327597 0.352895 0.317506 0.489034 0.057393 0.277694 0.394954 0.32951 0.318319 0.2082 0.116719 0.225496 0.237922 0.192979 0.198996 -0.0667925 0.310102 0.292025 0.429792 0.431009 0.0216937 0.217815 0.16876 -0.0882496 0.0895981 0.207615 0.468462 0.484043 0.0959452 0.102094 0.16384 0.209911 0.0531783 0.0787345 0.241631 0.175089 0.0636049 0.276407 0.430806 0.273785 0.288927 0.101186 0.237796 0.306724 0.474615 0.0848781 0.429674 0.218177 0.0553917 -0.00584159 0.0794869 0.303928 0.0882909 0.507629 0.339879 0.288586 0.201839 0.206778 0.385386 0.104386 0.174253 -0.00283731 0.132541 0.322803 0.3614 0.263653 0.196865 0.30682 0.0443229 0.21023 0.122016 0.181613 0.0259828 0.213104 0.279447 0.300923 0.231977 0.229531 0.0922747 -0.0511256 0.312685 0.438308 0.219387 0.266795 0.0941937 0.0173323 0.102097 0.238505 0.182483 0.0570972 0.195281 0.272549 0.385154 0.343973 0.0358389 0.449403 0.297409 0.0120206 0.0680124 -0.0334656 0.236419 0.293487 -0.0215837 0.0481123 0.112238 0.287111 0.0450777 0.0593728 0.202032 0.110279 -0.00595917 -0.00254429 0.316558 0.214153 0.236523 0.0131568 0.0956771 0.142114 0.22817 0.10188 0.276561 0.215165
0.0675215 -0.0411398 0.382907 0.0703553 0.233512 0.34349 1 0.368316 0.175859 0.178831 0.144567 0.178132 -0.0182514 0.162224 0.176885 0.413599 0.119513 0.168688 0.141153 0.157898 0.145884 0.118745 0.218734 0.0568045 0.128666 0.406661 0.491511 0.438903 0.385941 0.242811 0.0626578 0.161448 0.193963 0.0381202 0.00885123 0.368728 0.256893 -0.0595073 0.00236366 0.132121 0.270325 -0.0392851 -0.0298011 0.294555 0.422943 0.466144 -0.151072 0.380883 0.352645 0.0649978 0.0127966 0.211699 0.462756 0.413599 -0.0708909 0.245969 0.0930064 0.263529 0.255636 0.228535 0.248011 -0.0976387 -0.0193584 0.267677 0.318246 0.158096 0.518483 0.304988 0.456645 0.124745 0.0680617 0.0252614 -0.0474672 0.0326602 0.122486 -0.0245632 0.35262 0.37229 0.0559552 0.357406 0.622982 0.362974 0.267587 0.32348 0.23053 0.264756 -0.0228799 0.176681 0.30401 0.507493 0.168195 0.302381 0.237753 0.27466 0.0359118 0.126618 0.161427 0.24649 0.267619 0.502628 0.343493 0.441072 0.401002 0.325165 0.117797 0.0475565 0.043543 0.246824 0.191101 0.364962 0.0390483 0.0961657 0.0194943 0.191243 0.349902 -0.011172 0.251387 0.217525 0.314613 0.435524 0.0713194 0.35234 0.338627 -0.0833125 0.0742336 0.166692 0.415871 0.353094 0.295076 0.227764 0.10164 0.292284 0.142386 0.110413 0.123623 0.109601 0.0286639 0.16824 0.306609 0.153102 0.459539 0.280588 0.256303 0.0126813 0.218923 0.147446 0.225749 0.230972
0.0166431 -0.0154578 0.431326 0.133287 0.214971 0.287708 0.368316 1 0.338051 0.237662 0.181946 0.161115 -0.0527079 0.0298246 0.0879912 0.329604 0.269963 0.130041 0.0792907 0.08262 0.00536602 0.114765 0.151865 0.0244347 0.271077 0.32963 0.54707 0.358415 0.311791 0.533295 -0.109342 0.181804 0.33722 0.120426 0.0214802 0.353045 0.12098 -0.0786395 -0.0455104 0.139418 0.32993 0.0207478 -0.0495684 0.267077 0.487714 0.442104 -0.110872 0.3938 0.24288 0.0119034 -0.239997 0.148298 0.350997 0.368967 0.043888 0.251635 0.0426406 0.152776 -0.0404498 0.0979229 0.316306 -0.0635167 0.0146285 0.178912 0.430235 0.19403 0.374389 0.135859 0.347119 0.0377595 0.312838 -0.0951172 0.104544 0.18765 0.0297979 -0.0492188 0.294881 0.39461 0.117955 0.465772 0.438 0.490155 0.330507 0.311695 0.33956 0.125233 0.0131934 0.0401092 0.289623 0.394817 0.3116 0.179987 0.26494 0.391685 0.0526546 0.114629 0.133785 0.165325 0.212819 0.431999 0.505895 0.382856 0.352754 0.563002 0.13193 -0.0585901 0.0665319 0.376843 0.0139377 0.398603 -0.0725769 -0.0152922 0.00879815 0.172015 0.267382 0.0337137 0.174881 0.31454 0.417033 0.491869 0.0858062 0.367621 0.407869 -0.0805156 -0.0519917 0.0498046 0.375629 0.295202 0.118327 0.21971 0.115971 0.307191 0.0719082 0.0325024 0.0767538 0.0587024 0.153688 0.182543 0.54103 0.2935 0.335771 0.106037 0.0899506 0.00216282 0.348275 0.0695334 0.227432 0.211053
0.129787 0.0393401 0.195058 0.0287879 0.389836 0.284156 0.175859 0.338051 1 0.22221 0.223213 0.00845543 0.106614 0.118574 0.168057 0.17637 0.0432491 0.0550963 -0.133941 0.0867022 -0.016609 0.218784 0.152137 0.243444 0.283051 -0.105423 0.245025 0.0879647 0.0528575 0.513043 -0.0680607 0.152122 0.222235 0.0879743 -0.0684141 0.0220121 -0.169052 0.0353062 0.097702 0.174023 0.141009 -0.074375 0.00265204 0.202235 0.249119 0.234896 -0.112771 0.0437651 -0.000159932 -0.101939 -0.011528 0.111608 0.245255 0.250274 0.0264427 0.125209 0.00846395 0.0256815 -0.0651729 -0.0641594 0.0446811 0.0191695 0.21378 0.27829 0.334589 0.343112 0.0477085 -0.109336 0.140194 0.105088 0.365378 -0.21571 0.160532 0.112771 0.153427 0.10336 0.133428 0.253609 0.231421 0.427112 0.203039 0.277089 0.46152 0.226382 0.295838 -0.0184265 -0.0403415 -0.0457231 0.288939 0.267939 0.248114 0.0674072 0.253331 0.266434 0.175147 0.17941 0.219863 0.149364 0.384494 0.0956955 0.286811 0.180969 0.179259 0.50143 0.154847 -0.123733 0.231979 0.410798 -0.0291651 0.105946 -0.0706598 0.0906973 -0.0828925 0.0867382 0.0290358 0.205218 0.148939 0.225764 0.362212 0.391607 0.180457 0.142427 0.22931 -0.0868001 0.157885 0.162814 0.325399 0.205145 0.0398392 0.139458 0.197181 0.214473 0.109804 0.055924 0.0451796 -0.0260174 0.075447 0.154535 0.492996 0.269422 0.103618 -0.0381311 -0.138831 0.0762199 0.444637 0.0277386 0.287374 0.197552
-0.0552305 0.176981 0.106415 0.146907 0.113266 0.141086 0.178831 0.237662 0.22221 1 0.117816 0.0442636 -0.0805115 0.00314201 0.0491877 0.114605 0.0839558 0.0350223 0.0532479 0.0728071 0.108215 0.184226 0.20621 0.0875188 0.115769 0.139256 0.209603 0.220407 0.201598 0.256019 0.0320758 -0.0738188 0.147191 0.108449 0.0980138 0.231536 0.0604814 0.0464433 -0.0322453 0.183116 0.198196 0.168891 0.00137029 0.326805 0.256206 0.193475 -0.00948316 0.000838091 0.0341183 0.00391716 -0.0188671 0.00731911 0.146961 0.135848 0.132186 0.090536 0.171372 0.0707956 0.060303 0.0624826 0.0930882 -0.0268723 -0.0266235 0.0702906 0.218577 0.146448 0.213313 0.0663643 0.246831 0.0476579 0.289021 0.0868549 0.141603 0.11977 0.1021 0.077767 0.128942 0.339234 0.0358498 0.190682 0.121387 0.0887826 0.0774821 0.235372 0.192133 0.157441 0.125857 0.140038 0.15307 0.15794 0.200145 0.113313 0.191333 0.161726 0.0857772 0.188438 0.0373663 0.184018 0.159877 0.194595 0.223018 0.227839 0.240955 0.247898 0.154547 -0.121218 0.205229 0.237714 0.108619 0.216174 0.165306 0.0975625 0.0299714 0.126714 0.197751 0.279066 0.0417862 0.236893 0.288739 0.271163 0.0685 0.275369 0.223409 0.0457843 0.048981 0.151682 0.175245 0.165329 0.0841189 0.117922 0.144803 0.13907 0.0523213 0.0659538 0.116821 0.142628 0.0981898 0.169393 0.262764 -0.0535251 0.213957 0.124573 0.0673374 0.195166 0.180254 0.119854 0.166116 0.238761
0.257094 0.578785 0.167067 0.0778732 0.350705 0.233939 0.144567 0.181946 0.223213 0.117816 1 0.19407 0.20439 0.245926 0.451087 0.387039 0.172122 0.0994513 0.546152 0.823444 0.446659 0.724963 0.0758255 0.266604 0.286603 0.117718 0.447953 0.356665 0.368201 0.249773 0.0406855 0.258706 0.312512 0.072463 0.0740386 0.208143 0.207802 0.123085 0.183391 0.101155 0.112056 0.158019 0.0882859 0.517302 0.354602 0.160097 0.0973859 0.143715 0.227883 -0.0145336 0.530911 0.3884 0.339941 0.233332 0.13117 0.549265 0.556894 0.693668 0.414196 0.427798 0.181747 0.150728 0.165958 0.243468 0.296474 0.122273 0.414719 0.338191 0.381715 0.0862108 0.141068 0.126223 0.0312267 0.158658 0.173625 0.557504 0.00983264 0.247114 0.0914592 0.223695 0.181525 0.15173 0.112646 0.194927 0.606948 0.146589 0.0194559 0.234173 0.285953 0.178706 0.215004 0.03796 0.567431 0.7157 0.549317 0.646351 0.033454 0.0686169 0.217741 0.125499 0.41042 0.253549 0.278504 0.322084 0.0770903 -0.0354654 0.198288 0.078088 -0.106726 0.0613587 0.292931 -0.00754444 0.139658 0.174915 0.113329 0.428791 0.00678675 0.530693 0.267859 0.14792 -0.143354 0.14189 0.31598 -0.0242347 0.469501 0.160453 0.320829 0.247378 0.148741 0.566887 0.696769 0.70101 0.590155 0.563902 0.367 0.123377 -0.168929 0.109527 0.337295 0.121079 0.353174 0.331711 0.176551 -0.0402067 0.106444 0.209741 0.151211 0.0190266
0.248826 0.0591526 -0.0139095 0.50956 0.158272 0.230838 0.178132 0.161115 0.00845543 0.0442636 0.19407 1 0.244675 0.437692 0.550449 0.357522 0.218728 0.139206 0.142348 0.18163 0.0490059 0.279425 0.23171 0.202961 0.285229 0.625364 0.21811 0.414159 0.542198 0.141393 -0.0431258 0.232179 0.456898 0.471243 0.197928 0.481915 0.178484 0.408755 0.177195 0.226282 0.27956 -0.0883571 0.213349 0.22205 0.382802 0.218996 0.15905 0.231795 0.552881 -0.280687 0.219195 0.383057 0.379116 0.398065 0.231809 0.215166 0.21391 0.30405 0.141015 0.090137 0.34713 0.204324 -0.0294344 0.0191248 0.262671 0.00437304 0.431427 0.350034 0.262039 0.00195813 0.2618 0.473147 0.329374 0.136892 -0.0899333 -0.112907 0.013288 0.0940938 -0.0227195 0.161122 0.209451 0.215857 -0.114569 -0.0377096 0.139597 0.21793 0.126903 -0.00505095 -0.077198 0.210099 0.0912398 0.0558005 -0.0756962 0.12412 -0.0437757 0.238726 -0.217129 -0.00988574 -0.104866 0.0644453 0.0729999 0.03779 -0.0373085 -0.0389717 -0.157399 -0.0771868 0.183106 -0.00143442 0.14253 0.129245 0.251621 -0.118958 0.388365 0.262165 0.0128772 -0.0986678 -0.126932 0.0825563 0.0825596 -0.0500487 -0.207409 0.140996 -0.000516486 -0.0328734 -0.005935 -0.167776 -0.0168731 0.0344549 -0.00698736 -0.0860994 0.0363732 0.119339 -0.0117615 -0.0104378 0.157644 0.464131 -0.185452 -0.302184 0.0232767 -0.141228 0.136278 -0.0849156 0.105983 -0.0461595 -0.113022 0.105724 -0.0885804 0.166348
0.30959 0.108275 -0.0769578 -0.00570405 0.172097 0.211833 -0.0182514 -0.0527079 0.106614 -0.0805115 0.20439 0.244675 1 0.469842 0.382482 0.447682 0.0883073 0.157654 0.103142 0.210167 0.0605207 0.294505 0.0492761 0.395857 0.150718 0.0473904 0.0212445 0.163619 0.234129 0.0966633 0.155041 0.178768 0.134065 0.344892 0.207614 -0.0437235 -0.0222265 0.435298 0.648072 0.00849702 0.0521969 -0.0819454 0.366384 0.139993 0.0904319 0.122754 0.382158 0.0164686 0.0401661 0.0513095 0.291959 0.235094 0.157623 0.241816 0.103975 0.0827266 0.191548 0.266879 0.0250088 0.161569 0.0699944 0.16582 0.156421 0.089155 0.0181239 0.130691 0.0700085 0.0105376 0.0714425 0.0905117 0.183543 0.149758 0.372156 0.163231 -0.0472307 0.133429 -0.0331488 -0.13675 0.0718724 0.180536 -0.0618755 -0.0431036 -0.137125 -0.032568 0.0649724 -0.150005 0.176989 -0.111609 -0.0413064 0.120406 0.0351478 0.00697126 -0.0043129 0.136699 0.0364351 0.154421 -0.0242538 0.111812 -0.206758 -0.104664 0.0116094 -0.0209767 -0.0743285 -0.148547 0.0154055 -0.0105832 0.190804 0.0628483 0.102695 -0.11265 0.14364 0.122966 0.128634 -0.0326583 -0.180691 0.0413611 0.273739 0.0325015 -0.140502 -0.100861 -0.0628111 0.0486041 -0.0980314 0.126988 0.111491 -0.0369893 -0.00758941 0.0882216 -0.0566514 -0.113176 0.162638 0.163607 -0.0174092 0.0741444 0.203838 0.10725 -0.141504 -0.0845593 -0.0965837 -0.0461917 -0.0597315 -0.0656989 0.0727114 0.0632505 -0.0720276 0.267246 -0.0545215 0.136871
0.617576 0.207219 -0.0507833 0.0631783 0.411565 0.241896 0.162224 0.0298246 0.118574 0.00314201 0.245926 0.437692 0.469842 1 0.65588 0.300005 0.0974672 0.182194 0.160711 0.199932 0.149125 0.253617 0.172533 0.483262 0.0660067 0.197231 0.161925 0.209454 0.340551 0.0691671 0.0413417 0.214327 0.325198 0.287232 0.144256 0.0440611 0.151748 0.277206 0.428183 0.287683 0.0901329 0.0405516 0.199807 0.185005 0.147325 0.128732 0.187664 0.0924256 0.331552 0.0189317 0.229163 0.510115 0.482182 0.379625 -0.0273608 0.175427 0.245543 0.231968 0.0684907 0.242349 0.146295 0.541139 0.159421 0.35889 0.225089 0.114296 0.25838 0.252929 0.173573 0.107136 0.0209084 0.134452 0.116167 0.225608 0.00666598 0.106219 -0.0606105 0.0113057 -0.0790997 0.292326 0.225428 0.132841 -0.0455053 0.0471867 0.117653 0.0348411 0.216711 0.115116 0.0989339 0.0799743 0.101612 0.144312 0.0506017 0.130529 0.100907 0.27859 -0.0105147 0.192839 -0.0352006 0.0437984 0.124441 0.0449158 -0.011039 -0.0217705 0.0048663 -0.0358661 0.236675 -0.0293528 0.00502485 0.0408109 0.160219 -0.0290091 0.126729 0.114229 -0.0400425 0.066006 0.212475 0.111163 -0.0348981 0.0177183 -0.0237241 0.13055 -0.0470525 0.0591249 0.0100606 -0.00977306 0.0272115 0.161382 -0.00543598 -0.0516973 0.100279 0.110788 0.00958664 0.0488754 0.230892 0.212275 -0.104917 0.0113291 0.0624513 0.042099 0.118903 0.0282645 0.109234 0.0719858 -0.0382023 0.181449 -0.0560034 0.262809
0.716475 0.257868 -0.00402288 0.2333 0.614441 0.425074 0.176885 0.0879912 0.168057 0.0491877 0.451087 0.550449 0.382482 0.65588 1 0.501484 0.129492 0.0961265 0.277924 0.429328 0.209648 0.472245 0.266295 0.47892 0.394813 0.336579 0.307803 0.364594 0.454246 0.280137 0.101368 0.29383 0.441505 0.297377 0.176827 0.210464 0.267689 0.400496 0.305547 0.20115 0.13423 0.102208 0.294121 0.323149 0.388325 0.274793 0.177714 0.145853 0.370897 -0.0927212 0.291994 0.597929 0.637053 0.530245 0.267954 0.354404 0.314447 0.394939 0.180121 0.291834 0.273158 0.610079 0.182467 0.338829 0.325143 0.207165 0.423157 0.421416 0.313176 0.132139 0.248446 0.363647 0.285419 0.233495 0.0916956 0.261353 -0.0174352 0.200781 -0.0137904 0.323938 0.292267 0.210942 -0.0251187 0.0272801 0.336359 0.154997 0.16152 0.0643664 0.228958 0.244196 0.290278 0.186062 0.290316 0.371067 0.154359 0.419214 0.0144681 0.0994416 0.106409 0.111807 0.275595 0.240096 0.157994 0.0936163 -0.0495035 -0.0434917 0.336146 0.174856 0.0647596 0.155213 0.32975 0.00867104 0.153127 0.248398 0.00935241 0.215216 0.0637396 0.289204 0.240457 0.0881397 -0.118112 0.243856 0.116618 0.167644 0.112359 0.0440494 0.186081 0.268571 0.106792 0.133078 0.275942 0.288419 0.241812 0.19555 0.327034 0.281776 -0.104457 -0.0355757 0.1553 0.0659463 0.253177 0.0558782 0.18093 0.0322063 0.00305991 0.262947 0.116219 0.129738
0.288441 0.229907 0.450817 0.0607144 0.331909 0.386826 0.413599 0.329604 0.17637 0.114605 0.387039 0.357522 0.447682 0.300005 0.501484 1 0.27517 0.262687 0.457582 0.464081 0.311626 0.470774 0.107343 0.362584 0.515491 0.432287 0.562 0.520383 0.503556 0.375238 0.281 0.31346 0.386516 0.296475 0.212402 0.278536 0.366106 0.482309 0.372347 0.0132155 0.322046 0.203438 0.176818 0.436177 0.497989 0.529704 0.185741 0.350506 0.200041 0.066299 0.184308 0.371682 0.39265 0.549751 0.274035 0.478647 0.388432 0.533414 0.294841 0.437547 0.342544 0.0304045 0.136218 0.27449 0.326697 0.175026 0.570528 0.408549 0.5109 0.156511 0.269095 0.244929 0.321591 0.184816 0.262391 0.278649 0.345586 0.214795 0.216727 0.361884 0.298691 0.339187 0.0650179 0.258498 0.379144 0.220179 0.19822 0.184387 0.441531 0.66717 0.18211 0.295441 0.40701 0.45869 0.240647 0.38006 0.230256 0.38538 0.194708 0.363411 0.447059 0.454651 0.510965 0.277742 0.136168 -0.0271932 0.0697597 0.264952 0.140257 0.202679 0.146858 0.256531 0.0391942 0.114885 0.120033 0.307167 0.344355 0.33439 0.319007 0.319274 0.0399244 0.279794 0.31265 0.071671 0.14853 0.291031 0.429614 0.483866 0.376642 0.334283 0.361084 0.454043 0.222551 0.295557 0.268343 0.240914 -0.0805839 0.164799 0.236122 0.025675 0.478022 0.340881 0.34055 0.151349 0.103132 0.468579 0.157693 0.134366
0.119584 0.0871326 0.197771 0.284884 0.202717 0.222123 0.119513 0.269963 0.0432491 0.0839558 0.172122 0.218728 0.0883073 0.0974672 0.129492 0.27517 1 0.361805 0.265411 0.14333 0.128676 0.111303 0.0503954 0.180321 0.327471 0.28522 0.300051 0.261394 0.30969 0.264302 0.0500974 0.0866626 0.285631 0.378763 0.272131 0.286856 0.179552 0.298938 -0.00227863 0.045066 0.23899 0.119796 0.235111 0.261702 0.282783 0.229177 0.0988991 0.343215 0.325662 0.00154399 -0.00321229 0.157503 0.228344 0.256302 0.0878732 0.220778 0.187828 0.258592 0.199655 0.178406 0.290634 0.0643935 0.0206122 0.123201 0.297723 0.0562714 0.314576 0.149376 0.252825 0.097682 0.202289 0.19283 0.269459 0.150255 0.042419 -0.0121815 0.0461658 0.162227 0.0343095 0.271578 0.188742 0.203685 0.046005 0.125698 0.195352 0.117226 -0.0474762 -0.0900596 0.130744 0.235697 0.237253 0.0393443 0.0378077 0.121126 0.037783 0.0951343 0.00558664 0.131402 0.0288758 0.136848 0.187715 0.152591 0.153392 0.141247 -0.0372708 -0.019962 0.0124064 0.0128615 0.0502892 0.105807 -0.0275151 0.0339769 -0.104649 0.0208194 0.141638 0.0261672 0.0968778 -0.0336134 0.265898 0.148696 -0.0880348 0.183816 0.19476 -0.0108143 0.0347309 0.00422977 0.113287 0.239907 0.0780814 0.118379 0.0477021 0.124312 0.0777835 -0.0063861 -0.0140118 0.00107767 -0.161146 0.0945649 0.148209 0.0519795 0.180424 0.0858458 0.0876907 -0.0151494 0.0815667 0.0767769 0.0128333 0.0608376
0.167441 0.0415885 0.174162 -0.0231771 0.135118 0.194888 0.168688 0.130041 0.0550963 0.0350223 0.0994513 0.139206 0.157654 0.182194 0.0961265 0.262687 0.361805 1 0.248043 0.0387165 0.160643 0.0163791 -9.21492e-05 0.205603 0.252802 0.165419 0.2806 0.134057 0.134492 0.16789 -0.0242498 0.127848 0.202726 0.378611 0.224351 0.147989 0.174832 0.16948 0.122801 -0.0472184 0.244291 0.154297 0.221025 0.127927 0.135203 0.183679 0.0257372 0.271871 0.11024 0.0639477 -0.0371262 0.232088 0.199089 0.162781 -0.0485605 0.176377 0.138701 0.203331 0.164818 0.151873 0.150832 0.0580635 0.090919 0.193049 0.265879 0.0300366 0.244266 0.160694 0.237519 0.102914 0.0459183 0.0480972 0.150596 0.0921325 0.243 0.0551091 0.114544 -0.035602 0.147455 0.275527 0.250811 0.134605 0.0267049 0.101064 0.128222 0.0619932 -0.0732306 -0.0237054 0.196946 0.26244 0.0262558 0.151955 -0.000234738 0.0184886 0.134825 0.0573942 0.158342 0.201943 0.0728053 0.0793373 0.151451 0.11221 0.175404 0.138439 0.0513636 -0.110353 0.0149276 0.00393738 -0.0265631 -0.00513449 -0.10322 0.139954 -0.154812 0.0316021 -0.0186883 0.079322 0.238436 -0.0521214 0.0335287 0.0778114 0.081158 0.125701 0.0353663 -0.0338397 0.0714968 0.144815 0.25346 0.251954 0.167408 0.133944 -0.0183527 0.035873 -0.0790554 0.0163982 0.0779171 -0.0719243 -0.20826 0.12964 0.142076 0.107015 0.193885 0.171546 0.17018 0.0251013 -0.00718758 0.0175049 0.0115316 0.0497857
0.0898215 0.660773 0.255959 0.0450907 0.0358348 0.0553455 0.141153 0.0792907 -0.133941 0.0532479 0.546152 0.142348 0.103142 0.160711 0.277924 0.457582 0.265411 0.248043 1 0.689762 0.670188 0.48379 -0.038348 0.0869383 0.310979 0.307834 0.451482 0.32174 0.331872 0.054702 0.130497 0.0618578 0.203535 0.219114 0.100839 0.272904 0.545086 0.267305 0.136807 0.0279825 0.187588 0.661 -0.00387428 0.442161 0.226724 0.229265 0.0653965 0.218325 0.187598 0.23622 0.350795 0.39456 0.233323 0.273174 0.0995903 0.599342 0.772078 0.681635 0.647595 0.551015 0.358539 -0.027866 0.00202835 0.199958 0.230892 0.0315029 0.411313 0.517291 0.367138 0.134319 -0.0889044 0.28174 -0.0205075 0.129256 0.329943 0.639711 0.0481557 0.0517804 -0.0747985 -0.00632423 0.129479 0.0938453 -0.117137 0.135806 0.361551 0.28186 0.0393164 0.355242 0.403494 0.319373 0.0999517 0.22965 0.536981 0.467406 0.474642 0.492674 0.0802083 0.104618 0.108911 0.190129 0.252683 0.294196 0.379123 0.100924 -0.0751991 0.0894135 -0.129592 -0.193294 0.0106451 -0.0371529 0.186304 0.110512 -0.0497356 0.164215 0.128619 0.538136 0.0864077 0.275322 0.125347 0.080136 -0.190683 0.103648 0.172735 0.0904168 0.27466 0.397852 0.362815 0.423795 0.357762 0.489405 0.578712 0.449926 0.481193 0.507332 0.211427 0.151688 -0.243965 0.0554358 0.0420633 -0.137932 0.386089 0.557343 0.365871 0.0135998 -0.143381 0.313877 0.0450361 -0.158524
0.248229 0.594561 0.218205 0.056762 0.294101 0.213443 0.157898 0.08262 0.0867022 0.0728071 0.823444 0.18163 0.210167 0.199932 0.429328 0.464081 0.14333 0.0387165 0.689762 1 0.51878 0.718792 0.0329005 0.212579 0.288424 0.156712 0.427768 0.385609 0.388601 0.160813 0.154385 0.212344 0.251341 0.0305612 0.0120224 0.207569 0.337605 0.191176 0.165787 0.0303918 0.101265 0.211377 0.0542791 0.529923 0.332551 0.153245 0.0629166 0.12495 0.215976 0.023312 0.603252 0.396123 0.323379 0.244958 0.168919 0.535149 0.639351 0.784338 0.528839 0.457961 0.27075 0.03454 0.0987872 0.231503 0.216808 0.100412 0.39598 0.428218 0.369975 0.160384 0.109246 0.186977 -0.000682661 0.102551 0.177607 0.598457 0.040323 0.198217 0.0522171 0.121949 0.157559 0.134576 -0.00618845 0.215291 0.60397 0.214048 0.0717083 0.279376 0.275557 0.216225 0.173129 0.102218 0.630985 0.766491 0.537047 0.634668 0.0165507 0.0290538 0.173882 0.10709 0.333523 0.236225 0.291387 0.185433 0.0419319 0.000415055 0.112079 0.0188964 -0.039607 0.0203423 0.277295 0.0666768 0.13827 0.222136 0.101838 0.452359 -0.00156445 0.542665 0.20437 0.0986249 -0.205335 0.106518 0.25847 0.0461688 0.53436 0.188284 0.279019 0.24672 0.195093 0.550596 0.754297 0.712963 0.616585 0.642315 0.34311 0.220918 -0.194007 0.0123464 0.171794 0.011461 0.369421 0.382753 0.197631 -0.0519638 0.0206256 0.320059 0.116936 -0.0160722
0.0991585 0.694565 0.257117 -0.108051 0.158243 -0.0319516 0.145884 0.00536602 -0.016609 0.108215 0.446659 0.0490059 0.0605207 0.149125 0.209648 0.311626 0.128676 0.160643 0.670188 0.51878 1 0.495324 0.060448 0.216485 0.229656 0.151368 0.35524 0.213287 0.15571 0.0600672 0.0698873 0.0418181 0.118445 0.0744232 0.09787 0.0804324 0.457879 0.19487 0.058759 0.0256926 0.00726033 0.502965 0.0628645 0.36439 0.175332 0.126397 -0.0258728 0.0784012 0.0378731 0.233289 0.383143 0.443294 0.0978656 0.0689305 0.0760278 0.604645 0.524294 0.523475 0.494684 0.589905 0.293715 0.0802886 0.0613719 0.240876 0.118941 0.0390041 0.349571 0.458549 0.272321 0.146073 -0.0855945 0.169098 -0.110504 0.0564637 0.417817 0.589334 0.106411 0.0776185 -0.0087718 -0.0220656 0.111142 0.0893115 0.0483243 0.101148 0.352928 0.198917 -0.0690424 0.418438 0.382029 0.242863 0.166116 0.26395 0.472132 0.384385 0.548975 0.543232 0.146556 0.17615 0.186565 0.149038 0.2641 0.326171 0.370107 0.194847 -0.0237987 0.106869 -0.069086 -0.122558 -0.072129 -0.0890196 0.120206 0.126251 -0.114562 0.106388 0.0549463 0.601161 0.177574 0.371792 0.168072 0.102888 -0.0698234 0.0120931 0.219315 0.0261664 0.405716 0.367331 0.33043 0.241388 0.336632 0.539287 0.504166 0.463249 0.355034 0.513037 0.266137 0.00531562 -0.226048 0.0912324 0.111735 -0.0724721 0.366172 0.553218 0.238817 0.0482579 0.040033 0.250514 0.0783294 -0.144024
0.279203 0.607604 0.124361 0.132513 0.344092 0.253415 0.118745 0.114765 0.218784 0.184226 0.724963 0.279425 0.294505 0.253617 0.472245 0.470774 0.111303 0.0163791 0.48379 0.718792 0.495324 1 0.187777 0.272558 0.330828 0.213257 0.38832 0.320024 0.353027 0.306876 0.0605515 0.183897 0.290588 0.152399 0.136492 0.249726 0.2551 0.287874 0.275893 0.05407 0.148533 0.197145 0.233472 0.569271 0.336781 0.174105 0.119352 0.0912592 0.261656 0.00256584 0.614646 0.39607 0.308855 0.306351 0.212164 0.500881 0.539844 0.594908 0.366871 0.381114 0.244881 0.126222 0.134009 0.291501 0.287136 0.153139 0.388352 0.334012 0.317914 0.0715998 0.237535 0.295262 0.151531 0.166242 0.198663 0.569939 -0.0494948 0.175795 0.114044 0.230108 0.13774 0.151952 0.0685311 0.177666 0.535827 0.175946 0.0783654 0.24248 0.289958 0.228894 0.284092 0.167152 0.475815 0.580922 0.446615 0.650688 -0.0116427 0.010374 0.226882 0.0890479 0.292499 0.260699 0.223105 0.241633 0.0160561 0.00387227 0.200162 0.129419 0.0601871 0.0565307 0.347749 0.0733246 0.239276 0.195658 0.03148 0.538598 0.109128 0.525864 0.241346 0.100291 -0.1602 0.187386 0.28383 -0.0228858 0.469456 0.210307 0.293899 0.246936 0.152878 0.425722 0.577509 0.599145 0.445291 0.475862 0.375846 0.288801 -0.159594 -0.0210269 0.246668 0.0689463 0.313763 0.259743 0.159582 0.126357 0.143342 0.284936 0.230143 0.086109
0.189196 0.0345201 -0.0902712 0.147603 0.257553 0.288417 0.218734 0.151865 0.152137 0.20621 0.0758255 0.23171 0.0492761 0.172533 0.266295 0.107343 0.0503954 -9.21492e-05 -0.038348 0.0329005 0.060448 0.187777 1 0.212054 0.153997 0.208982 0.0779012 0.16271 0.209684 0.15194 0.046931 0.116483 0.199045 0.154214 0.251386 0.169511 0.143318 0.170166 0.0954062 0.197918 0.152315 -0.0462688 0.245551 0.182849 0.209629 0.143422 0.0863823 0.0196793 0.106139 0.0924326 0.0499285 0.171709 0.179077 0.242263 0.110035 0.0656596 0.0644205 0.0389292 0.00336923 -0.00279212 0.160993 0.111633 0.0361353 0.171719 0.10704 0.150836 0.17527 0.0627383 0.151828 0.198648 0.216904 0.286937 0.150139 0.122871 0.0176715 -0.0188063 -0.0682316 0.125237 -0.00486325 0.204372 0.136841 0.0736394 0.0653756 0.0093052 0.093496 0.0864068 0.193833 0.0180144 0.0925898 0.117436 0.1401 0.0138556 0.0383611 0.0797719 -0.0340465 0.0786012 -0.0607289 -0.0179381 0.102858 0.05892 0.0119762 0.164769 0.0394187 0.0981517 -0.0516811 -0.04697 0.116101 0.223687 0.173742 0.186677 0.185782 0.070759 0.0953011 0.131484 0.115334 0.0132798 0.0807018 0.150056 0.108945 0.0655838 -0.109844 0.191594 0.0634286 0.0356569 -0.0948596 -0.000738236 0.0271843 0.142464 0.0388388 -0.0827949 -0.0124186 0.0434548 0.0303368 -0.0526145 0.0980198 0.266906 -0.0526848 -0.0867589 0.0907128 0.0182804 0.108169 -0.0637373 -0.0132096 0.0813907 0.203858 0.153833 0.218277 0.182343
0.579138 0.252644 0.00618651 -0.0699929 0.46647 0.27293 0.0568045 0.0244347 0.243444 0.0875188 0.266604 0.202961 0.395857 0.483262 0.47892 0.362584 0.180321 0.205603 0.0869383 0.212579 0.216485 0.272558 0.212054 1 0.316621 0.0215269 0.101689 0.0934823 0.121498 0.172096 0.276025 0.203378 0.246424 0.293931 0.33596 -0.117683 0.0869144 0.526233 0.296915 0.0866627 -0.0322288 0.0551262 0.410457 0.147664 0.0772058 0.0795164 0.215874 0.0884137 0.00405224 0.0682192 0.259941 0.373998 0.17629 0.210587 0.10494 0.232866 0.28827 0.209851 0.0285499 0.201927 0.0918177 0.420347 0.387669 0.39871 0.164655 0.227649 0.191908 0.118554 0.112138 0.163868 0.173332 0.210545 0.325146 0.188195 0.294109 0.193847 0.00632705 -0.0271958 0.23354 0.276721 -0.00752816 0.114475 0.126049 0.00012644 0.237789 0.0217856 0.320948 0.0507548 0.151252 0.224172 0.133476 0.125066 0.163999 0.178623 0.19192 0.217843 0.164483 0.414245 0.11578 -0.0694641 0.205018 0.0446714 0.0741707 0.120949 0.28013 -0.0671989 0.172311 0.15641 -0.0162656 -0.140717 0.155086 0.126889 0.0134518 0.104581 -0.162521 0.258828 0.339555 0.131241 0.0480377 0.0269683 0.137823 -0.0305513 0.00278282 0.0374556 0.155865 0.0921482 0.0372775 0.239587 0.0920865 0.140044 0.270653 0.196708 0.0948961 0.151294 0.187205 0.0928517 -0.0588209 0.209501 0.109216 0.113572 0.116294 0.0139847 -0.0530227 0.124022 0.0795938 0.225705 0.0863579 0.0362977
0.355408 0.198157 0.326326 0.254968 0.412995 0.263242 0.128666 0.271077 0.283051 0.115769 0.286603 0.285229 0.150718 0.0660067 0.394813 0.515491 0.327471 0.252802 0.310979 0.288424 0.229656 0.330828 0.153997 0.316621 1 0.277575 0.434957 0.274447 0.227328 0.592807 0.116635 0.302343 0.379401 0.445721 0.165673 0.275124 0.267799 0.52834 -0.0343873 -0.0900701 0.324476 0.122756 0.197457 0.371779 0.479334 0.311899 -0.0447303 0.268629 0.0791025 -0.166199 0.028449 0.349331 0.121478 0.375619 0.474219 0.561181 0.243107 0.373827 0.17174 0.223494 0.360039 0.172398 0.167102 0.10832 0.36205 0.138762 0.330052 0.198735 0.191434 0.121393 0.45878 0.301212 0.576985 0.149258 0.360451 0.180849 0.0805981 0.0830019 0.409274 0.346371 0.116761 0.311038 0.173101 0.15607 0.384017 -0.0434431 -0.0467798 -0.221085 0.349964 0.367425 0.232585 0.0736964 0.22799 0.314472 0.126308 0.245078 0.127816 0.140195 0.329902 -0.0899862 0.276347 0.116097 0.128977 0.377829 0.0327786 -0.0798698 -0.0171414 0.190051 0.0490099 -0.0979864 -0.0485184 0.163446 -0.149678 -0.0300773 -0.203125 0.304296 0.0887924 0.211091 0.383965 0.0718811 -0.0905143 0.0473347 0.10019 -0.0844003 0.0765814 0.210395 0.178946 0.365951 0.162763 0.24453 0.235569 0.272454 0.202646 0.083212 0.0983617 0.0911141 -0.0589567 0.0828331 0.166626 0.153161 0.0825061 -0.00727443 -0.0213733 0.121283 0.22954 0.210274 0.213456 -0.164174
0.0618583 -0.00515338 0.380877 0.563001 0.103654 0.221769 0.406661 0.32963 -0.105423 0.139256 0.117718 0.625364 0.0473904 0.197231 0.336579 0.432287 0.28522 0.165419 0.307834 0.156712 0.151368 0.213257 0.208982 0.0215269 0.277575 1 0.552209 0.710902 0.744045 0.198474 -0.0451512 0.143088 0.43226 0.460511 0.291073 0.785723 0.470535 0.221168 -0.0133216 0.188875 0.54323 0.101462 0.125114 0.301308 0.59335 0.50863 0.107197 0.424483 0.584613 -0.153507 0.0877093 0.351866 0.386741 0.446479 0.152047 0.33028 0.255111 0.383121 0.204943 0.32509 0.459144 -0.0475786 -0.127788 0.0479879 0.384635 -0.0141408 0.70386 0.538701 0.511322 -0.124242 0.0517571 0.539985 0.184398 0.203124 0.025548 -0.139792 0.233503 0.303579 -0.0287848 0.204376 0.32257 0.300464 -0.0533904 0.095325 0.122365 0.441369 0.0434683 0.165531 0.149007 0.37635 0.22587 0.192653 0.0166622 0.159663 -0.0918855 0.206613 -0.210376 0.00711493 0.00326447 0.503351 0.312772 0.382392 0.247638 0.0930573 -0.144985 0.0547147 0.150142 0.0945476 0.177187 0.400332 0.31794 -0.0655965 0.183021 0.193743 0.363827 -0.0868515 -0.0542486 0.12879 0.26011 0.264626 -0.296295 0.360743 0.158505 0.107194 -0.0990768 0.0164448 0.23824 0.264624 0.199375 0.0688615 -0.0200851 0.187606 -0.0534252 0.00150765 0.275214 0.453928 -0.150508 -0.185309 0.161713 -0.077552 0.47268 0.151736 0.372894 -0.130835 -0.0438676 0.206018 -0.0473872 0.185246
0.156775 0.19271 0.674405 0.203442 0.366844 0.327597 0.491511 0.54707 0.245025 0.209603 0.447953 0.21811 0.0212445 0.161925 0.307803 0.562 0.300051 0.2806 0.451482 0.427768 0.35524 0.38832 0.0779012 0.101689 0.434957 0.552209 1 0.653054 0.591138 0.54912 -0.111364 0.186557 0.454079 0.239957 0.141924 0.563864 0.353918 -0.0119671 0.017806 0.0989463 0.491297 0.153787 0.0134148 0.493601 0.664145 0.546833 -0.0738389 0.434707 0.353671 -0.0711754 0.0240882 0.454346 0.496646 0.499083 0.109871 0.703757 0.374575 0.59459 0.395544 0.561716 0.409383 -0.0774027 0.0232488 0.308468 0.62817 0.149396 0.757752 0.451258 0.670279 0.0422728 0.119277 0.101661 0.0594471 0.281928 0.321904 0.219027 0.406162 0.400041 0.25737 0.461566 0.435926 0.496274 0.263246 0.323088 0.544346 0.262349 -0.118929 0.250085 0.495446 0.519488 0.330786 0.264437 0.517938 0.597245 0.282204 0.463249 0.119634 0.23353 0.382194 0.608809 0.788939 0.560022 0.519904 0.650925 0.0876711 -0.0608912 0.15882 0.34792 0.0447389 0.41294 0.187042 0.0754422 -0.0145773 0.20868 0.307903 0.259495 0.194971 0.519711 0.495067 0.59086 -0.0451272 0.404788 0.442056 -0.0383029 0.119236 0.259645 0.599399 0.496172 0.34548 0.602793 0.372187 0.652197 0.33327 0.367254 0.315747 0.168202 -0.0722391 0.206091 0.650999 0.223641 0.683899 0.377588 0.327314 -0.0856121 0.257196 0.19918 0.146767 0.16759
0.098927 0.118325 0.515879 0.442437 0.264827 0.352895 0.438903 0.358415 0.0879647 0.220407 0.356665 0.414159 0.163619 0.209454 0.364594 0.520383 0.261394 0.134057 0.32174 0.385609 0.213287 0.320024 0.16271 0.0934823 0.274447 0.710902 0.653054 1 0.833234 0.247512 0.0352437 0.20549 0.475772 0.302797 0.156656 0.632571 0.416471 0.0928742 0.0538131 0.220608 0.489959 0.0177185 0.0866636 0.328111 0.708781 0.542307 0.125452 0.36309 0.49419 -0.121298 0.197765 0.35313 0.461979 0.39183 0.208236 0.452238 0.333619 0.560839 0.333287 0.447905 0.359518 -0.0608044 0.0145538 0.100098 0.353478 0.12741 0.746674 0.46653 0.630772 -0.105699 0.125851 0.347386 0.086051 0.228788 0.0743427 0.0502789 0.412418 0.420255 0.0872121 0.364077 0.347162 0.345779 0.0944234 0.172356 0.326437 0.392932 0.0541043 0.237687 0.268823 0.446447 0.284562 0.193242 0.243806 0.424784 0.0971353 0.396841 -0.138686 0.0230812 0.155379 0.515059 0.507725 0.545667 0.4335 0.275463 -0.0177906 -0.0307679 0.218505 0.184747 0.0387466 0.385736 0.319256 0.0205263 0.20684 0.251078 0.373013 0.0647084 0.0262731 0.302469 0.414039 0.411546 -0.205906 0.377792 0.339226 0.0669187 0.112979 0.150354 0.401857 0.289099 0.200895 0.337453 0.267314 0.469275 0.218165 0.231636 0.334922 0.352271 -0.0950367 -0.00865273 0.303258 0.0429554 0.585088 0.263879 0.362739 -0.125995 0.0295523 0.305223 0.0478807 0.188594
0.148451 0.119922 0.381214 0.501331 0.227914 0.317506 0.385941 0.311791 0.0528575 0.201598 0.368201 0.542198 0.234129 0.340551 0.454246 0.503556 0.30969 0.134492 0.331872 0.388601 0.15571 0.353027 0.209684 0.121498 0.227328 0.744045 0.591138 0.833234 1 0.211278 0.0544133 0.19577 0.460163 0.401583 0.201418 0.623051 0.377393 0.178634 0.170287 0.272275 0.487343 -0.0148153 0.157043 0.333709 0.651128 0.476076 0.206507 0.391205 0.572155 -0.128048 0.244774 0.380965 0.544849 0.473224 0.110036 0.372174 0.337984 0.524669 0.296607 0.367594 0.354003 -0.0564518 -0.0759397 0.131462 0.363812 0.0985405 0.704917 0.509788 0.579064 -0.0848601 0.119666 0.384108 0.117677 0.253507 0.0261876 0.0381221 0.274732 0.348181 0.0199744 0.308293 0.35587 0.300831 0.0425911 0.128255 0.285334 0.392368 0.0845625 0.158383 0.188729 0.408344 0.274069 0.215083 0.170631 0.353139 0.0574658 0.346834 -0.150057 0.00351132 0.0740295 0.455494 0.410918 0.411777 0.325619 0.143699 -0.0540833 -0.0356331 0.227656 0.119548 0.0878302 0.365887 0.386539 -0.0160686 0.245219 0.230232 0.341892 0.0216755 0.0285813 0.276301 0.276341 0.293969 -0.268286 0.371983 0.245122 0.159711 0.0804728 0.070455 0.385615 0.308388 0.160476 0.19581 0.218685 0.397943 0.177399 0.145204 0.338522 0.439333 -0.137196 -0.109224 0.258923 -0.00994159 0.528367 0.163144 0.381651 -0.144358 -0.0323823 0.306152 0.0277583 0.246035
